0.000,0.000,0.000
0.000,0.000,0.000
0.000,0.000,0.000
0.000,0.000,0.000
0.000,0.000,0.000
0.000,0.000,0.000
0.000,0.000,0.000
0.392,0.425,0.428
0.000,0.000,0.000
0.479,0.607,0.655
0.000,0.000,0.000
0.921,0.998,1.000
0.000,0.000,0.000
0.000,0.000,0.000
0.000,0.000,0.000
0.000,0.000,0.000
0.000,0.000,0.000
0.000,0.000,0.000
0.000,0.000,0.000
0.000,0.000,0.000
0.000,0.000,0.000
0.000,0.000,0.000
0.000,0.000,0.000
0.000,0.000,0.000
0.000,0.000,0.000
0.000,0.000,0.000
0.000,0.000,0.000
0.000,0.000,0.000
0.000,0.000,0.000
0.000,0.000,0.000
0.000,0.000,0.000
0.000,0.000,0.000
0.000,0.000,0.000
0.000,0.000,0.000
0.000,0.000,0.000
0.000,0.000,0.000
0.000,0.000,0.000
0.000,0.000,0.000
0.000,0.000,0.000
0.000,0.000,0.000
0.000,0.000,0.000
0.000,0.000,0.000
0.000,0.000,0.000
0.000,0.000,0.000
0.000,0.000,0.000
0.000,0.000,0.000
0.000,0.000,0.000
0.000,0.000,0.000
0.000,0.000,0.000
0.000,0.000,0.000
0.000,0.000,0.000
0.008,0.020,0.025
0.010,0.014,0.020
0.010,0.014,0.020
0.028,0.042,0.061
0.988,1.000,1.000
0.000,0.000,0.000
0.025,0.034,0.046
0.025,0.034,0.046
0.000,0.000,0.000
1.000,1.000,1.000
0.000,0.000,0.000
0.000,0.000,0.000
0.000,0.000,0.000
0.208,0.226,0.222
0.000,0.000,0.000
0.061,0.071,0.082
0.000,0.000,0.000
0.110,0.141,0.141
0.000,0.000,0.000
0.000,0.000,0.000
0.000,0.000,0.000
0.055,0.060,0.076
0.973,0.994,1.000
0.000,0.000,0.000
0.043,0.040,0.047
0.042,0.039,0.046
0.000,0.000,0.000
0.000,0.000,0.000
0.042,0.039,0.046
0.033,0.039,0.051
0.418,0.526,0.579
0.007,0.019,0.026
0.221,0.329,0.370
0.221,0.329,0.370
0.000,0.000,0.000
0.000,0.000,0.000
0.407,0.530,0.570
0.080,0.088,0.105
0.020,0.029,0.040
0.895,0.990,1.000
0.331,0.460,0.489
0.331,0.460,0.489
0.478,0.570,0.601
0.259,0.385,0.440
0.417,0.529,0.586
0.193,0.266,0.286
0.329,0.452,0.498
0.166,0.258,0.312
0.031,0.056,0.066
0.000,0.000,0.000
0.211,0.208,0.214
0.321,0.411,0.446
0.139,0.195,0.219
0.898,0.991,1.000
0.076,0.101,0.124
0.342,0.488,0.540
0.000,0.000,0.000
0.000,0.000,0.000
0.000,0.000,0.000
0.571,0.800,0.889
0.000,0.000,0.000
0.058,0.024,0.044
0.000,0.000,0.000
0.004,0.002,0.002
0.000,0.000,0.000
0.000,0.000,0.000
0.000,0.000,0.000
0.000,0.000,0.000
0.184,0.314,0.354
0.000,0.000,0.000
0.042,0.039,0.046
0.043,0.039,0.046
0.019,0.025,0.028
0.205,0.233,0.260
0.221,0.327,0.369
0.014,0.019,0.027
0.871,0.986,0.997
0.016,0.023,0.032
0.211,0.308,0.344
0.083,0.114,0.133
0.178,0.295,0.358
0.201,0.320,0.373
0.118,0.137,0.153
0.298,0.382,0.423
0.898,0.990,1.000
0.874,0.987,1.000
0.182,0.270,0.331
0.000,0.000,0.000
0.000,0.000,0.000
0.000,0.000,0.000
0.061,0.065,0.082
0.000,0.000,0.000
0.045,0.052,0.069
0.407,0.459,0.498
0.885,0.984,1.000
0.046,0.044,0.052
0.047,0.044,0.052
0.000,0.000,0.000
0.007,0.009,0.012
0.000,0.000,0.000
0.000,0.000,0.000
0.000,0.000,0.000
0.000,0.000,0.000
0.000,0.000,0.000
0.000,0.000,0.000
0.000,0.000,0.000
0.000,0.000,0.000
0.000,0.000,0.000
0.012,0.000,0.007
0.012,0.000,0.007
0.000,0.000,0.000
0.000,0.000,0.000
0.000,0.000,0.000
0.000,0.000,0.000
0.000,0.000,0.000
0.000,0.000,0.000
0.000,0.000,0.000
0.000,0.000,0.000
0.000,0.000,0.000
0.182,0.222,0.222
0.000,0.000,0.000
0.000,0.000,0.000
0.000,0.000,0.000
0.179,0.250,0.310
0.046,0.044,0.052
0.523,0.635,0.666
0.043,0.040,0.047
0.062,0.066,0.082
0.000,0.000,0.000
0.060,0.064,0.080
0.033,0.035,0.042
0.572,0.705,0.745
0.258,0.302,0.325
0.043,0.040,0.046
0.013,0.019,0.026
0.045,0.043,0.051
0.268,0.408,0.464
0.121,0.176,0.187
0.046,0.043,0.051
0.052,0.072,0.100
0.876,0.989,1.000
0.071,0.079,0.100
0.044,0.041,0.047
0.058,0.087,0.107
0.065,0.079,0.101
0.047,0.043,0.051
0.058,0.060,0.074
0.058,0.060,0.074
0.490,0.615,0.660
0.000,0.000,0.000
0.000,0.000,0.000
0.000,0.000,0.000
0.000,0.000,0.000
0.080,0.098,0.109
0.076,0.080,0.090
0.076,0.080,0.090
0.046,0.054,0.072
0.312,0.363,0.365
0.000,0.000,0.000
0.000,0.000,0.000
0.000,0.000,0.000
1.000,1.000,1.000
0.962,0.996,1.000
1.000,1.000,1.000
0.000,0.000,0.000
0.000,0.000,0.000
0.171,0.185,0.185
0.515,0.630,0.663
0.046,0.045,0.055
0.058,0.060,0.074
0.050,0.059,0.074
0.444,0.537,0.568
0.074,0.084,0.108
0.317,0.399,0.417
0.199,0.305,0.359
0.258,0.366,0.428
0.060,0.063,0.080
0.146,0.168,0.174
0.146,0.168,0.174
0.146,0.168,0.174
0.099,0.105,0.132
0.031,0.056,0.066
0.000,0.000,0.000
0.061,0.064,0.081
0.074,0.079,0.083
0.060,0.065,0.067
0.060,0.065,0.067
0.060,0.065,0.067
0.074,0.079,0.083
0.062,0.065,0.082
0.152,0.166,0.171
0.076,0.080,0.090
0.074,0.081,0.089
0.000,0.000,0.000
0.014,0.019,0.026
0.278,0.287,0.280
0.856,0.995,1.000
0.856,0.995,1.000
0.879,0.989,1.000
0.013,0.011,0.014
0.000,0.000,0.000
0.000,0.000,0.000
0.034,0.000,0.027
0.003,0.003,0.004
0.000,0.000,0.000
0.000,0.000,0.000
1.000,1.000,1.000
0.000,0.000,0.000
0.000,0.000,0.000
0.000,0.000,0.000
0.000,0.000,0.000
0.000,0.000,0.000
0.000,0.000,0.000
0.000,0.000,0.000
0.000,0.000,0.000
0.000,0.000,0.000
0.000,0.000,0.000
0.000,0.000,0.000
0.009,0.012,0.016
0.230,0.287,0.295
0.014,0.019,0.027
0.058,0.059,0.073
0.060,0.059,0.073
0.055,0.078,0.097
0.080,0.105,0.133
0.097,0.105,0.124
0.265,0.332,0.359
0.083,0.132,0.150
0.245,0.364,0.426
0.027,0.049,0.059
0.027,0.050,0.060
0.333,0.476,0.529
0.189,0.284,0.318
0.130,0.217,0.268
0.074,0.079,0.083
0.062,0.063,0.070
0.076,0.080,0.090
0.088,0.095,0.104
0.098,0.120,0.152
0.000,0.000,0.000
0.000,0.000,0.000
0.000,0.000,0.000
0.000,0.000,0.000
0.000,0.000,0.000
0.000,0.000,0.000
0.000,0.000,0.000
0.244,0.318,0.348
0.906,0.993,1.000
0.177,0.261,0.307
0.000,0.000,0.000
0.000,0.000,0.000
0.027,0.037,0.052
0.871,0.970,0.981
0.000,0.000,0.000
0.026,0.035,0.048
0.026,0.035,0.048
0.201,0.237,0.272
0.040,0.067,0.084
0.401,0.542,0.579
0.401,0.542,0.579
0.252,0.382,0.420
0.401,0.542,0.579
0.431,0.541,0.583
0.156,0.200,0.225
0.067,0.069,0.079
0.000,0.000,0.000
0.260,0.322,0.350
0.061,0.053,0.060
0.000,0.000,0.000
0.151,0.248,0.303
0.422,0.531,0.579
0.481,0.589,0.638
0.048,0.045,0.053
0.000,0.000,0.000
0.115,0.145,0.164
0.000,0.000,0.000
0.000,0.000,0.000
0.000,0.000,0.000
0.000,0.000,0.000
0.000,0.000,0.000
0.041,0.090,0.113
0.000,0.000,0.000
0.067,0.078,0.091
0.000,0.000,0.000
0.032,0.037,0.037
0.056,0.075,0.104
0.056,0.075,0.104
0.056,0.075,0.104
0.171,0.266,0.333
0.000,0.000,0.000
0.000,0.000,0.000
0.315,0.412,0.455
0.232,0.351,0.399
0.076,0.084,0.108
0.338,0.465,0.513
0.054,0.063,0.080
0.924,0.996,1.000
0.000,0.000,0.000
0.000,0.000,0.000
0.000,0.000,0.000
1.000,1.000,1.000
0.000,0.000,0.000
0.014,0.065,0.089
0.014,0.065,0.089
0.159,0.242,0.298
0.013,0.019,0.026
0.005,0.010,0.013
0.185,0.261,0.314
0.184,0.288,0.352
0.000,0.000,0.000
0.266,0.363,0.413
0.410,0.533,0.571
0.442,0.538,0.552
0.442,0.538,0.552
0.442,0.538,0.552
0.892,0.982,0.994
0.395,0.458,0.474
0.012,0.015,0.021
0.000,0.000,0.000
0.000,0.000,0.000
0.376,0.532,0.588
0.090,0.133,0.160
0.020,0.037,0.052
0.000,0.000,0.000
0.000,0.000,0.000
0.000,0.000,0.000
0.476,0.597,0.649
0.221,0.338,0.381
0.040,0.044,0.052
0.030,0.033,0.042
0.074,0.094,0.118
0.000,0.000,0.000
0.000,0.000,0.000
0.000,0.000,0.000
0.036,0.026,0.045
0.000,0.000,0.000
0.000,0.000,0.000
0.000,0.000,0.000
0.000,0.000,0.000
0.000,0.000,0.000
0.000,0.000,0.000
0.000,0.000,0.000
0.000,0.000,0.000
0.204,0.316,0.353
0.220,0.323,0.364
0.000,0.000,0.000
0.061,0.063,0.080
0.537,0.673,0.706
0.065,0.070,0.073
0.000,0.000,0.000
0.046,0.059,0.081
0.000,0.000,0.000
0.235,0.275,0.276
0.216,0.308,0.363
0.000,0.000,0.000
0.254,0.349,0.402
0.000,0.000,0.000
0.000,0.000,0.000
0.034,0.043,0.058
0.852,0.976,0.997
0.000,0.000,0.000
0.000,0.000,0.000
0.000,0.000,0.000
0.000,0.000,0.000
0.000,0.000,0.000
0.000,0.000,0.000
0.000,0.000,0.000
0.000,0.000,0.000
0.000,0.000,0.000
0.000,0.000,0.000
0.000,0.000,0.000
0.000,0.000,0.000
0.000,0.000,0.000
0.014,0.018,0.016
0.000,0.000,0.000
0.051,0.060,0.074
0.051,0.060,0.074
0.556,0.694,0.735
0.032,0.047,0.066
0.353,0.438,0.489
0.076,0.094,0.106
0.402,0.513,0.567
0.000,0.000,0.000
0.247,0.299,0.323
0.081,0.121,0.152
0.221,0.265,0.280
0.143,0.237,0.294
0.000,0.000,0.000
0.000,0.000,0.000
0.000,0.000,0.000
0.055,0.053,0.061
0.048,0.041,0.045
0.057,0.060,0.074
0.071,0.079,0.101
0.016,0.023,0.033
0.051,0.060,0.074
0.082,0.132,0.143
0.458,0.592,0.612
0.897,0.986,1.000
0.022,0.028,0.039
0.474,0.556,0.589
0.031,0.033,0.042
0.018,0.026,0.037
0.050,0.060,0.074
0.010,0.016,0.018
0.000,0.000,0.000
0.000,0.000,0.000
0.000,0.000,0.000
0.000,0.000,0.000
0.000,0.000,0.000
0.000,0.000,0.000
0.000,0.000,0.000
0.000,0.000,0.000
0.057,0.056,0.056
0.000,0.000,0.000
0.036,0.043,0.052
0.000,0.000,0.000
0.000,0.000,0.000
0.950,1.000,1.000
0.000,0.000,0.000
0.000,0.000,0.000
0.000,0.000,0.000
0.000,0.000,0.000
0.002,0.000,0.002
0.000,0.000,0.000
0.014,0.018,0.026
0.045,0.043,0.051
0.170,0.240,0.253
0.014,0.020,0.028
0.045,0.061,0.074
0.268,0.380,0.420
0.371,0.465,0.487
0.014,0.019,0.027
0.071,0.093,0.120
0.155,0.198,0.232
0.059,0.076,0.096
0.059,0.076,0.096
0.054,0.065,0.081
0.094,0.143,0.167
0.132,0.150,0.169
0.050,0.060,0.074
0.014,0.019,0.027
0.000,0.000,0.000
0.000,0.000,0.000
0.989,1.000,1.000
0.000,0.000,0.000
0.610,0.708,0.736
0.917,0.977,0.986
0.856,0.986,1.000
0.000,0.000,0.000
0.027,0.034,0.040
0.027,0.034,0.040
0.053,0.050,0.058
0.062,0.065,0.082
0.077,0.075,0.083
0.343,0.429,0.480
0.293,0.403,0.459
0.231,0.292,0.314
0.233,0.265,0.296
0.174,0.260,0.322
0.044,0.040,0.046
0.209,0.317,0.354
0.335,0.399,0.432
0.884,0.988,1.000
0.000,0.000,0.000
0.000,0.000,0.000
0.000,0.000,0.000
0.000,0.000,0.000
0.000,0.000,0.000
0.000,0.000,0.000
0.000,0.000,0.000
0.000,0.000,0.000
0.000,0.000,0.000
0.000,0.000,0.000
0.920,0.997,1.000
0.141,0.152,0.167
0.000,0.000,0.000
0.780,0.901,0.938
0.179,0.353,0.548
0.000,0.000,0.000
0.000,0.000,0.000
0.000,0.000,0.000
0.058,0.059,0.073
0.215,0.330,0.373
0.821,0.985,0.997
0.000,0.000,0.000
0.175,0.213,0.242
0.859,0.958,0.977
0.759,0.825,0.837
0.863,0.962,0.980
0.807,0.889,0.904
0.014,0.018,0.026
0.315,0.412,0.455
0.000,0.000,0.000
0.000,0.000,0.000
0.085,0.097,0.121
0.000,0.000,0.000
0.534,0.616,0.640
0.069,0.078,0.099
0.000,0.000,0.000
0.000,0.000,0.000
0.265,0.338,0.352
0.020,0.029,0.040
0.000,0.000,0.000
0.000,0.000,0.000
0.892,0.989,1.000
0.000,0.000,0.000
0.423,0.528,0.565
0.451,0.572,0.614
0.160,0.139,0.155
0.143,0.150,0.158
0.019,0.027,0.038
0.019,0.027,0.038
0.056,0.934,0.999
0.000,0.000,0.000
0.000,0.000,0.000
0.011,0.013,0.018
0.011,0.013,0.018
0.006,0.007,0.010
0.975,1.000,1.000
0.000,0.000,0.000
0.000,0.000,0.000
0.633,0.737,0.757
0.000,0.000,0.000
0.027,0.028,0.032
0.177,0.206,0.210
0.901,0.991,1.000
0.069,0.083,0.099
0.242,0.307,0.346
0.000,0.000,0.000
0.863,0.958,0.978
0.062,0.077,0.098
0.168,0.256,0.316
0.473,0.563,0.582
0.013,0.032,0.039
0.405,0.538,0.569
0.405,0.538,0.569
0.884,0.988,1.000
0.344,0.476,0.529
0.361,0.492,0.534
0.075,0.085,0.109
0.191,0.225,0.253
0.212,0.258,0.291
0.041,0.056,0.078
0.084,0.120,0.142
0.036,0.036,0.039
0.000,0.000,0.000
0.013,0.018,0.026
0.014,0.019,0.027
0.164,0.158,0.175
0.255,0.291,0.317
0.163,0.245,0.302
0.027,0.037,0.052
0.190,0.237,0.272
0.898,0.991,1.000
0.000,0.000,0.000
0.456,0.566,0.606
0.000,0.000,0.000
0.361,0.492,0.542
0.286,0.332,0.349
0.279,0.388,0.427
0.188,0.295,0.364
0.046,0.053,0.050
0.175,0.220,0.248
0.464,0.537,0.550
0.414,0.527,0.584
0.019,0.027,0.038
0.000,0.000,0.000
0.347,0.475,0.523
0.000,0.000,0.000
0.000,0.000,0.000
0.000,0.000,0.000
0.000,0.000,0.000
0.000,0.000,0.000
0.000,0.000,0.000
0.000,0.000,0.000
0.257,0.390,0.438
0.014,0.036,0.050
0.278,0.387,0.433
0.278,0.387,0.433
0.288,0.341,0.355
0.105,0.115,0.129
0.484,0.569,0.612
0.084,0.138,0.158
0.000,0.000,0.000
0.000,0.000,0.000
0.886,0.985,0.998
0.895,0.991,1.000
0.884,0.988,1.000
0.218,0.308,0.339
0.897,0.991,1.000
0.000,0.000,0.000
0.160,0.194,0.204
0.027,0.037,0.052
0.000,0.000,0.000
0.000,0.000,0.000
0.000,0.000,0.000
0.000,0.000,0.000
0.042,0.040,0.044
0.009,0.006,0.006
0.000,0.000,0.000
0.000,0.000,0.000
0.051,0.060,0.074
0.053,0.050,0.058
0.000,0.000,0.000
0.000,0.000,0.000
0.000,0.000,0.000
0.173,0.219,0.252
0.196,0.299,0.341
0.000,0.000,0.000
0.000,0.000,0.000
0.397,0.486,0.519
0.095,0.121,0.139
0.342,0.464,0.514
0.466,0.557,0.586
0.240,0.367,0.430
0.898,0.991,1.000
0.331,0.414,0.438
0.069,0.118,0.131
0.253,0.355,0.399
0.012,0.007,0.007
0.209,0.306,0.352
0.277,0.430,0.474
0.347,0.431,0.482
0.042,0.039,0.045
0.056,0.076,0.080
0.032,0.052,0.061
0.301,0.396,0.440
0.000,0.000,0.000
0.000,0.000,0.000
0.039,0.060,0.077
0.000,0.000,0.000
0.000,0.000,0.000
0.000,0.000,0.000
0.000,0.000,0.000
0.000,0.000,0.000
0.000,0.000,0.000
0.250,0.167,0.263
0.000,0.000,0.000
0.013,0.019,0.026
0.493,0.653,0.705
0.887,0.988,0.997
0.406,0.533,0.571
0.406,0.533,0.571
0.406,0.533,0.571
0.068,0.085,0.110
0.034,0.037,0.041
0.891,0.988,1.000
0.857,0.964,0.977
0.873,0.974,0.985
0.000,0.000,0.000
0.392,0.496,0.539
0.014,0.018,0.026
0.291,0.409,0.463
0.223,0.338,0.381
0.407,0.519,0.564
0.929,1.000,1.000
0.941,1.000,1.000
0.000,0.000,0.000
0.016,0.014,0.013
0.031,0.030,0.034
0.000,0.000,0.000
0.000,0.000,0.000
0.116,0.184,0.201
0.014,0.019,0.026
0.051,0.060,0.075
0.014,0.018,0.026
0.149,0.191,0.202
0.059,0.091,0.104
0.329,0.455,0.506
0.902,0.989,1.000
0.333,0.466,0.521
0.053,0.065,0.081
0.051,0.070,0.092
0.000,0.000,0.000
0.000,0.000,0.000
0.075,0.100,0.134
0.067,0.090,0.102
0.000,0.000,0.000
0.078,0.103,0.113
0.000,0.000,0.000
0.228,0.323,0.364
0.897,0.991,1.000
0.014,0.018,0.026
0.043,0.078,0.100
0.000,0.000,0.000
0.000,0.000,0.000
0.000,0.000,0.000
0.000,0.000,0.000
0.424,0.532,0.586
0.321,0.415,0.455
0.095,0.088,0.095
0.012,0.015,0.021
0.000,0.000,0.000
0.000,0.000,0.000
0.219,0.292,0.323
0.237,0.341,0.383
0.235,0.276,0.299
0.000,0.000,0.000
0.000,0.000,0.000
0.205,0.247,0.257
0.205,0.247,0.257
0.000,0.000,0.000
0.092,0.103,0.119
0.929,0.992,1.000
0.462,0.578,0.621
0.180,0.258,0.311
0.218,0.258,0.286
0.073,0.080,0.085
0.045,0.052,0.068
0.231,0.333,0.376
0.177,0.231,0.266
0.175,0.224,0.252
0.060,0.079,0.089
0.227,0.276,0.298
0.042,0.037,0.038
0.053,0.050,0.058
0.321,0.346,0.361
0.374,0.471,0.528
0.082,0.094,0.106
0.000,0.000,0.000
0.010,0.012,0.016
0.000,0.000,0.000
0.059,0.072,0.090
0.069,0.085,0.109
0.000,0.000,0.000
0.031,0.033,0.042
0.057,0.059,0.073
0.091,0.102,0.127
0.000,0.000,0.000
0.909,1.000,1.000
0.000,0.000,0.000
0.232,0.237,0.231
0.000,0.000,0.000
0.000,0.000,0.000
0.000,0.000,0.000
0.000,0.000,0.000
0.000,0.000,0.000
0.114,0.130,0.146
0.301,0.388,0.412
0.784,0.888,0.905
0.407,0.423,0.413
0.045,0.042,0.050
0.045,0.042,0.050
0.303,0.419,0.474
0.288,0.341,0.355
0.000,0.000,0.000
0.000,0.000,0.000
0.000,0.000,0.000
0.000,0.000,0.000
0.054,0.060,0.066
0.891,0.991,1.000
0.031,0.033,0.042
0.000,0.000,0.000
0.287,0.399,0.449
0.042,0.040,0.046
0.359,0.457,0.511
0.147,0.179,0.209
0.000,0.000,0.000
0.062,0.066,0.082
0.044,0.059,0.070
0.637,0.766,0.792
0.158,0.265,0.332
0.349,0.439,0.453
0.258,0.364,0.404
0.027,0.037,0.053
0.000,0.000,0.000
0.161,0.241,0.297
0.000,0.000,0.000
0.170,0.256,0.317
0.267,0.382,0.419
0.000,0.000,0.000
0.000,0.000,0.000
0.000,0.000,0.000
0.000,0.000,0.000
0.000,0.000,0.000
0.000,0.000,0.000
0.051,0.097,0.125
0.047,0.044,0.052
0.170,0.165,0.183
0.051,0.097,0.125
0.896,0.991,1.000
0.047,0.044,0.052
0.062,0.073,0.086
0.898,0.990,1.000
0.101,0.162,0.200
0.406,0.502,0.528
0.354,0.463,0.497
0.000,0.000,0.000
0.331,0.425,0.478
0.113,0.163,0.183
0.000,0.000,0.000
0.000,0.000,0.000
0.051,0.059,0.074
0.014,0.032,0.039
0.000,0.000,0.000
0.896,0.991,1.000
0.000,0.000,0.000
0.153,0.257,0.318
0.000,0.000,0.000
0.219,0.244,0.267
0.000,0.000,0.000
0.184,0.290,0.340
0.000,0.000,0.000
0.000,0.000,0.000
0.000,0.000,0.000
0.000,0.000,0.000
0.000,0.000,0.000
0.333,0.354,0.364
0.062,0.074,0.100
0.901,0.984,0.998
0.000,0.000,0.000
0.000,0.000,0.000
0.000,0.000,0.000
0.000,0.000,0.000
0.000,0.000,0.000
0.000,0.000,0.000
0.000,0.000,0.000
0.000,0.000,0.000
0.000,0.000,0.000
0.229,0.352,0.399
0.043,0.062,0.085
0.306,0.430,0.477
0.000,0.000,0.000
0.000,0.000,0.000
0.029,0.030,0.038
0.000,0.000,0.000
0.000,0.000,0.000
0.000,0.000,0.000
1.000,1.000,1.000
0.964,1.000,1.000
0.000,0.000,0.000
0.000,0.000,0.000
0.000,0.000,0.000
0.000,0.000,0.000
0.000,0.000,0.000
0.068,0.110,0.138
0.000,0.000,0.000
0.000,0.000,0.000
0.008,0.018,0.030
0.000,0.000,0.000
0.000,0.000,0.000
0.000,0.000,0.000
0.004,0.002,0.001
0.011,0.010,0.011
0.168,0.150,0.163
0.168,0.150,0.163
0.168,0.150,0.163
0.168,0.150,0.163
0.168,0.150,0.163
0.092,0.120,0.125
0.000,0.000,0.000
0.000,0.000,0.000
0.017,0.013,0.013
0.000,0.000,0.000
0.000,0.000,0.000
0.000,0.000,0.000
0.000,0.000,0.000
0.940,1.000,1.000
0.000,0.000,0.000
0.000,0.000,0.000
0.000,0.000,0.000
0.000,0.000,0.000
0.000,0.000,0.000
0.000,0.000,0.000
0.000,0.000,0.000
0.000,0.000,0.000
0.000,0.000,0.000
0.000,0.000,0.000
0.000,0.000,0.000
0.000,0.000,0.000
0.000,0.000,0.000
0.000,0.000,0.000
0.000,0.000,0.000
0.000,0.000,0.000
0.000,0.000,0.000
0.000,0.000,0.000
0.000,0.000,0.000
0.000,0.000,0.000
0.000,0.000,0.000
0.000,0.000,0.000
0.000,0.000,0.000
0.000,0.000,0.000
0.000,0.000,0.000
0.000,0.000,0.000
0.000,0.000,0.000
0.000,0.000,0.000
0.000,0.000,0.000
0.000,0.000,0.000
0.000,0.000,0.000
0.000,0.000,0.000
0.000,0.000,0.000
0.000,0.000,0.000
0.000,0.000,0.000
0.000,0.000,0.000
0.000,0.000,0.000
0.000,0.000,0.000
0.000,0.000,0.000
0.000,0.000,0.000
0.000,0.000,0.000
0.000,0.000,0.000
0.000,0.000,0.000
0.000,0.000,0.000
0.000,0.000,0.000
0.000,0.000,0.000
0.000,0.000,0.000
0.000,0.000,0.000
0.000,0.000,0.000
0.000,0.000,0.000
0.000,0.000,0.000
0.000,0.000,0.000
0.000,0.000,0.000
0.000,0.000,0.000
0.000,0.000,0.000
0.000,0.000,0.000
0.000,0.000,0.000
0.000,0.000,0.000
0.000,0.000,0.000
0.000,0.000,0.000
0.000,0.000,0.000
0.000,0.000,0.000
0.000,0.000,0.000
0.000,0.000,0.000
0.000,0.000,0.000
0.000,0.000,0.000
0.000,0.000,0.000
0.000,0.000,0.000
0.000,0.000,0.000
0.000,0.000,0.000
0.000,0.000,0.000
0.000,0.000,0.000
0.000,0.000,0.000
0.000,0.000,0.000
0.000,0.000,0.000
0.000,0.000,0.000
0.000,0.000,0.000
0.000,0.000,0.000
0.000,0.000,0.000
0.000,0.000,0.000
0.000,0.000,0.000
0.000,0.000,0.000
0.000,0.000,0.000
0.000,0.000,0.000
0.000,0.000,0.000
0.000,0.000,0.000
0.000,0.000,0.000
0.000,0.000,0.000
0.000,0.000,0.000
0.000,0.000,0.000
0.000,0.000,0.000
0.000,0.000,0.000
0.000,0.000,0.000
0.000,0.000,0.000
0.000,0.000,0.000
0.000,0.000,0.000
0.000,0.000,0.000
0.000,0.000,0.000
0.000,0.000,0.000
1.000,1.000,1.000
0.157,0.171,0.189
0.000,0.000,0.000
0.038,0.054,0.071
0.897,0.992,0.999
0.929,0.999,1.000
0.061,0.045,0.044
0.000,0.000,0.000
0.000,0.000,0.000
0.000,0.000,0.000
0.000,0.000,0.000
0.000,0.000,0.000
0.000,0.000,0.000
0.312,0.467,0.562
0.000,0.000,0.000
0.837,0.962,0.993
0.000,0.000,0.000
0.000,0.000,0.000
0.000,0.000,0.000
0.000,0.000,0.000
0.000,0.000,0.000
0.000,0.000,0.000
0.000,0.000,0.000
0.000,0.000,0.000
0.000,0.000,0.000
0.000,0.000,0.000
0.000,0.000,0.000
0.000,0.000,0.000
0.000,0.000,0.000
0.000,0.000,0.000
0.000,0.000,0.000
0.000,0.000,0.000
0.000,0.000,0.000
0.000,0.000,0.000
0.000,0.000,0.000
0.000,0.000,0.000
0.000,0.000,0.000
0.000,0.000,0.000
0.000,0.000,0.000
0.000,0.000,0.000
0.000,0.000,0.000
0.000,0.000,0.000
0.000,0.000,0.000
0.000,0.000,0.000
0.000,0.000,0.000
0.000,0.000,0.000
0.000,0.000,0.000
0.321,0.352,0.376
0.000,0.000,0.000
0.000,0.000,0.000
0.000,0.000,0.000
0.000,0.000,0.000
0.000,0.000,0.000
0.000,0.000,0.000
0.000,0.000,0.000
0.000,0.000,0.000
0.000,0.000,0.000
1.000,1.000,1.000
0.009,0.004,0.004
0.009,0.004,0.004
0.000,0.000,0.000
0.000,0.000,0.000
0.851,0.973,0.995
0.000,0.000,0.000
0.000,0.000,0.000
0.000,0.000,0.000
0.018,0.031,0.047
0.000,0.000,0.000
0.000,0.000,0.000
0.000,0.000,0.000
0.000,0.000,0.000
0.000,0.000,0.000
0.000,0.000,0.000
0.000,0.000,0.000
0.000,0.000,0.000
0.043,0.051,0.059
0.004,0.014,0.013
0.750,0.865,0.897
0.000,0.000,0.000
0.275,0.316,0.326
0.000,0.000,0.000
0.000,0.000,0.000
0.000,0.000,0.000
0.024,0.027,0.036
0.000,0.000,0.000
0.000,0.000,0.000
1.000,1.000,1.000
0.000,0.000,0.000
0.120,0.147,0.186
0.008,0.005,0.005
0.008,0.005,0.005
0.000,0.000,0.000
0.000,0.000,0.000
0.000,0.000,0.000
0.000,0.000,0.000
0.000,0.000,0.000
0.000,0.000,0.000
0.000,0.000,0.000
0.000,0.000,0.000
0.000,0.000,0.000
0.000,0.000,0.000
0.000,0.000,0.000
0.000,0.000,0.000
0.000,0.000,0.000
0.000,0.000,0.000
0.000,0.000,0.000
0.000,0.000,0.000
0.904,0.954,0.962
0.000,0.000,0.000
0.000,0.000,0.000
0.922,0.996,1.000
0.000,0.000,0.000
0.000,0.000,0.000
0.000,0.000,0.000
0.000,0.000,0.000
0.000,0.000,0.000
0.000,0.000,0.000
0.000,0.000,0.000
0.916,1.000,1.000
0.000,0.000,0.000
0.000,0.000,0.000
0.000,0.000,0.000
0.000,0.000,0.000
0.000,0.000,0.000
0.009,0.010,0.012
0.947,1.000,1.000
0.000,0.000,0.000
0.824,0.885,0.898
0.000,0.000,0.000
0.312,0.368,0.432
0.000,0.000,0.000
0.000,0.000,0.000
0.000,0.000,0.000
0.000,0.000,0.000
0.000,0.000,0.000
0.000,0.000,0.000
0.000,0.000,0.000
0.000,0.000,0.000
0.000,0.000,0.000
0.897,0.997,1.000
0.000,0.000,0.000
0.925,0.992,1.000
0.000,0.000,0.000
0.000,0.000,0.000
0.000,0.000,0.000
0.000,0.000,0.000
0.000,0.000,0.000
0.000,0.000,0.000
0.000,0.000,0.000
0.000,0.000,0.000
0.000,0.000,0.000
0.000,0.000,0.000
0.000,0.000,0.000
0.000,0.000,0.000
0.000,0.000,0.000
0.000,0.000,0.000
0.000,0.000,0.000
0.000,0.000,0.000
0.000,0.000,0.000
0.056,0.937,0.998
0.000,0.000,0.000
0.000,0.000,0.000
0.000,0.000,0.000
0.000,0.000,0.000
0.000,0.000,0.000
1.000,1.000,1.000
0.000,0.000,0.000
0.000,0.000,0.000
0.060,0.064,0.062
0.000,0.000,0.000
0.000,0.000,0.000
0.776,0.943,0.958
0.000,0.000,0.000
0.000,0.000,0.000
0.000,0.000,0.000
0.000,0.000,0.000
0.000,0.000,0.000
0.000,0.000,0.000
0.000,0.000,0.000
0.000,0.000,0.000
0.000,0.000,0.000
0.000,0.000,0.000
0.000,0.000,0.000
0.000,0.000,0.000
0.000,0.000,0.000
0.000,0.000,0.000
0.000,0.000,0.000
1.000,1.000,1.000
0.000,0.000,0.000
0.000,0.000,0.000
0.000,0.000,0.000
0.000,0.000,0.000
0.000,0.000,0.000
1.000,1.000,1.000
0.000,0.000,0.000
0.000,0.000,0.000
0.056,0.119,0.119
0.000,0.000,0.000
0.000,0.000,0.000
0.000,0.000,0.000
0.000,0.000,0.000
0.000,0.000,0.000
0.002,0.002,0.003
0.000,0.000,0.000
0.049,0.061,0.066
0.401,0.458,0.522
0.000,0.000,0.000
0.944,1.000,1.000
0.000,0.000,0.000
0.968,1.000,1.000
0.128,0.122,0.167
0.000,0.000,0.000
0.000,0.000,0.000
1.000,1.000,1.000
1.000,1.000,1.000
0.000,0.000,0.000
0.000,0.000,0.000
1.000,1.000,1.000
1.000,1.000,1.000
1.000,1.000,1.000
0.000,0.000,0.000
0.000,0.000,0.000
1.000,1.000,1.000
0.000,0.009,0.009
0.000,0.000,0.000
0.000,0.000,0.000
0.625,0.828,0.899
0.000,0.000,0.000
0.000,0.000,0.000
0.000,0.000,0.000
0.012,0.048,0.120
0.598,0.789,0.838
0.197,0.213,0.242
0.000,0.000,0.000
0.010,0.003,0.005
0.029,0.024,0.023
0.000,0.000,0.000
0.000,0.000,0.000
0.000,0.000,0.000
0.007,0.005,0.005
0.000,0.000,0.000
0.007,0.008,0.012
0.000,0.000,0.000
0.000,0.000,0.000
0.000,0.000,0.000
0.000,0.000,0.000
0.000,0.000,0.000
0.000,0.000,0.000
0.934,1.000,1.000
0.000,0.000,0.000
0.000,0.000,0.000
0.000,0.000,0.000
0.000,0.000,0.000
0.016,0.029,0.034
0.000,0.000,0.000
0.000,0.000,0.000
0.000,0.000,0.000
0.000,0.000,0.000
0.238,0.181,0.203
0.000,0.000,0.000
0.000,0.000,0.000
0.030,0.026,0.033
0.000,0.000,0.000
0.000,0.000,0.000
0.063,0.053,0.092
0.000,0.000,0.000
0.000,0.002,0.007
0.000,0.002,0.007
0.000,0.000,0.000
0.000,0.002,0.005
0.000,0.000,0.000
0.646,0.722,0.733
0.579,0.688,0.709
0.787,0.942,0.966
0.000,0.000,0.000
0.000,0.000,0.000
0.000,0.000,0.000
0.028,0.049,0.048
0.028,0.049,0.048
0.000,0.000,0.000
0.000,0.000,0.000
0.808,0.946,0.971
0.226,0.243,0.242
0.000,0.000,0.000
0.000,0.000,0.000
0.000,0.000,0.000
0.000,0.000,0.000
0.000,0.000,0.000
0.000,0.000,0.000
0.000,0.000,0.000
0.000,0.006,0.011
0.008,0.005,0.008
0.000,0.000,0.000
0.000,0.000,0.000
0.000,0.000,0.000
0.000,0.000,0.000
0.000,0.000,0.000
0.009,0.011,0.010
0.000,0.000,0.000
0.000,0.000,0.000
0.000,0.000,0.000
0.000,0.000,0.000
0.000,0.000,0.000
0.000,0.000,0.000
0.012,0.000,0.008
0.000,0.000,0.000
0.952,1.000,1.000
0.000,0.000,0.000
0.000,0.000,0.000
0.001,0.004,0.006
0.000,0.000,0.000
0.200,0.200,0.200
0.000,0.000,0.000
1.000,1.000,1.000
0.000,0.000,0.000
0.000,0.000,0.000
0.000,0.000,0.000
0.111,0.121,0.163
0.000,0.000,0.000
0.000,0.000,0.000
0.000,0.000,0.000
0.000,0.000,0.000
0.000,0.000,0.000
0.000,0.000,0.000
0.000,0.000,0.000
0.000,0.000,0.000
0.000,0.000,0.000
0.000,0.000,0.000
0.005,0.013,0.013
0.000,0.000,0.000
0.192,0.247,0.300
0.000,0.000,0.000
0.191,0.231,0.236
0.000,0.000,0.000
0.221,0.269,0.297
0.422,0.459,0.472
0.000,0.000,0.000
0.000,0.000,0.000
0.000,0.000,0.000
0.000,0.000,0.000
0.237,0.252,0.278
0.111,0.121,0.121
0.116,0.129,0.158
0.256,0.291,0.305
0.007,0.013,0.021
0.057,0.103,0.150
0.000,0.000,0.000
0.000,0.000,0.000
1.000,1.000,1.000
0.000,0.000,0.000
0.000,0.000,0.000
0.000,0.000,0.000
0.009,0.000,0.005
0.000,0.000,0.000
0.000,0.000,0.000
0.000,0.000,0.000
0.000,0.000,0.000
0.000,0.000,0.000
0.000,0.000,0.000
0.534,0.700,0.750
0.000,0.000,0.000
0.000,0.000,0.000
0.000,0.000,0.000
0.000,0.000,0.000
0.937,1.000,1.000
0.000,0.000,0.000
0.714,0.806,0.816
0.000,0.000,0.000
0.012,0.016,0.023
0.000,0.000,0.000
0.054,0.000,0.048
0.000,0.000,0.000
0.873,0.950,0.975
0.000,0.000,0.000
1.000,1.000,1.000
0.000,0.000,0.000
1.000,1.000,1.000
0.000,0.000,0.000
0.000,0.000,0.000
0.000,0.000,0.000
0.000,0.000,0.000
0.000,0.000,0.000
0.000,0.000,0.000
1.000,1.000,1.000
0.027,0.028,0.033
0.122,0.114,0.149
0.000,0.000,0.000
0.000,0.000,0.000
0.029,0.054,0.060
1.000,1.000,1.000
0.000,0.000,0.000
0.000,0.000,0.000
0.000,0.000,0.000
0.000,0.000,0.000
0.000,0.000,0.000
0.945,1.000,1.000
0.000,0.000,0.000
0.000,0.000,0.000
0.000,0.000,0.000
0.928,1.000,1.000
0.054,0.065,0.079
0.045,0.049,0.060
0.394,0.445,0.480
0.657,0.769,0.805
0.417,0.480,0.515
0.000,0.000,0.000
0.000,0.000,0.000
0.000,0.000,0.000
0.000,0.000,0.000
0.000,0.000,0.000
0.000,0.000,0.000
0.888,1.000,1.000
0.000,0.000,0.000
0.510,0.529,0.514
0.238,0.250,0.318
0.457,0.516,0.542
0.211,0.200,0.238
0.062,0.063,0.092
0.000,0.000,0.000
0.890,0.954,0.971
0.000,0.000,0.000
0.004,0.002,0.002
0.008,0.013,0.016
0.088,0.084,0.094
0.000,0.000,0.000
0.000,0.000,0.000
0.000,0.000,0.000
0.000,0.000,0.000
0.000,0.000,0.000
0.243,0.179,0.209
0.011,0.015,0.036
0.000,0.000,0.000
0.000,0.000,0.000
0.000,0.000,0.000
0.000,0.000,0.000
0.031,0.027,0.031
0.031,0.027,0.031
0.031,0.041,0.044
0.012,0.000,0.007
0.000,0.000,0.000
0.946,0.993,1.000
0.000,0.000,0.000
0.014,0.019,0.027
0.000,0.000,0.000
0.000,0.000,0.000
0.000,0.000,0.000
0.044,0.055,0.066
0.053,0.049,0.068
0.036,0.039,0.047
0.000,0.000,0.000
0.000,0.000,0.000
0.222,0.400,0.476
0.000,0.000,0.000
0.086,0.100,0.112
0.864,0.969,0.976
0.000,0.000,0.000
0.000,0.000,0.000
0.944,1.000,1.000
0.000,0.000,0.000
0.012,0.014,0.020
0.000,0.000,0.000
0.000,0.000,0.000
0.000,0.000,0.000
0.000,0.000,0.000
0.000,0.000,0.000
0.026,0.051,0.053
0.815,0.940,0.972
0.031,0.043,0.061
0.000,0.000,0.000
0.000,0.000,0.000
0.000,0.000,0.000
0.006,0.007,0.010
0.730,0.813,0.833
0.816,0.941,0.960
0.000,0.000,0.000
0.000,0.000,0.000
0.052,0.071,0.084
0.000,0.000,0.000
0.000,0.000,0.000
0.000,0.000,0.000
1.000,1.000,1.000
0.956,0.992,0.998
0.939,0.995,1.000
0.062,0.098,0.126
0.000,0.000,0.000
0.000,0.000,0.000
0.048,0.075,0.082
0.048,0.075,0.082
0.000,0.000,0.000
0.000,0.000,0.000
0.000,0.000,0.000
0.000,0.000,0.000
0.000,0.000,0.000
0.812,0.936,0.970
0.058,0.047,0.044
0.000,0.000,0.000
0.000,0.000,0.000
0.000,0.000,0.000
0.609,0.679,0.679
0.000,0.000,0.000
0.000,0.000,0.000
0.000,0.000,0.000
0.000,0.000,0.000
0.063,0.096,0.110
0.053,0.073,0.073
0.000,0.000,0.000
0.000,0.000,0.000
0.062,0.068,0.069
0.062,0.068,0.069
0.567,0.619,0.613
0.567,0.619,0.613
0.126,0.140,0.156
0.000,0.000,0.000
1.000,1.000,1.000
0.883,0.963,0.973
0.180,0.289,0.316
0.002,0.001,0.001
0.000,0.000,0.000
0.000,0.000,0.000
0.000,0.000,0.000
0.000,0.000,0.000
0.000,0.000,0.000
0.000,0.000,0.000
0.000,0.000,0.000
0.000,0.000,0.000
0.000,0.000,0.000
0.000,0.000,0.000
0.000,0.000,0.000
0.000,0.000,0.000
0.791,0.878,0.896
0.968,0.998,1.000
0.000,0.000,0.000
0.000,0.000,0.000
0.000,0.000,0.000
0.004,0.008,0.011
0.132,0.210,0.228
0.000,0.000,0.000
0.898,0.994,1.000
0.000,0.000,0.000
1.000,1.000,1.000
0.000,0.000,0.000
0.000,0.000,0.000
0.000,0.000,0.000
0.111,0.127,0.136
0.063,0.072,0.084
0.063,0.072,0.084
0.080,0.085,0.097
0.989,1.000,1.000
0.000,0.000,0.000
0.000,0.000,0.000
0.000,0.000,0.000
0.000,0.000,0.000
0.000,0.000,0.000
0.000,0.000,0.000
0.000,0.000,0.000
0.000,0.000,0.000
0.000,0.000,0.000
0.000,0.000,0.000
0.982,0.999,1.000
0.000,0.000,0.000
0.887,0.983,1.000
0.000,0.000,0.000
0.220,0.386,0.458
0.000,0.000,0.000
0.000,0.000,0.000
0.000,0.000,0.000
1.000,1.000,1.000
1.000,1.000,1.000
0.000,0.000,0.000
0.000,0.000,0.000
0.000,0.000,0.000
0.171,0.175,0.182
0.000,0.000,0.000
0.000,0.000,0.000
0.000,0.000,0.000
0.000,0.000,0.000
0.000,0.000,0.000
0.000,0.000,0.000
0.000,0.000,0.000
0.003,0.003,0.005
0.000,0.000,0.000
0.013,0.022,0.026
0.000,0.000,0.000
0.082,0.118,0.162
0.000,0.000,0.000
0.000,0.000,0.000
0.000,0.000,0.000
0.490,0.521,0.513
0.000,0.000,0.000
0.000,0.000,0.000
0.000,0.000,0.000
0.000,0.000,0.000
0.000,0.000,0.000
0.000,0.000,0.000
0.000,0.000,0.000
0.000,0.000,0.000
0.000,0.000,0.000
0.000,0.000,0.000
0.033,0.037,0.035
0.000,0.000,0.000
0.909,0.996,1.000
1.000,1.000,1.000
0.000,0.000,0.000
0.010,0.002,0.005
0.000,0.000,0.000
0.000,0.000,0.000
0.308,0.308,0.308
0.000,0.000,0.000
0.703,0.859,0.877
0.140,0.175,0.175
0.000,0.000,0.000
0.000,0.000,0.000
0.942,1.000,1.000
0.000,0.000,0.000
0.000,0.000,0.000
0.000,0.000,0.000
0.000,0.000,0.000
0.000,0.000,0.000
0.000,0.000,0.000
0.462,0.520,0.538
0.074,0.077,0.083
0.000,0.000,0.000
0.114,0.137,0.170
0.174,0.213,0.213
0.000,0.000,0.000
0.000,0.000,0.000
1.000,1.000,1.000
0.010,0.011,0.016
0.000,0.000,0.000
0.051,0.000,0.054
0.025,0.024,0.023
0.130,0.215,0.251
0.865,0.994,1.000
0.443,0.492,0.503
0.000,0.000,0.000
1.000,1.000,1.000
1.000,1.000,1.000
0.000,0.000,0.000
0.000,0.000,0.000
0.000,0.000,0.000
0.000,0.000,0.000
0.000,0.000,0.000
0.000,0.000,0.000
0.000,0.000,0.000
0.848,0.975,0.997
0.770,0.941,0.988
0.613,0.683,0.697
0.553,0.741,0.791
0.886,0.981,1.000
0.763,0.937,0.986
0.000,0.000,0.000
0.000,0.000,0.000
0.014,0.047,0.058
0.111,0.141,0.160
0.000,0.000,0.000
0.000,0.000,0.000
0.000,0.000,0.000
0.000,0.000,0.000
0.000,0.000,0.000
0.000,0.000,0.000
0.008,0.000,0.005
0.000,0.003,0.003
0.000,0.000,0.000
0.009,0.008,0.008
0.000,0.000,0.000
0.000,0.000,0.000
0.000,0.000,0.000
0.017,0.018,0.020
0.000,0.000,0.000
0.212,0.286,0.333
0.000,0.000,0.000
0.259,0.320,0.345
0.000,0.000,0.000
0.000,0.000,0.000
0.000,0.000,0.000
0.000,0.000,0.000
0.000,0.000,0.000
0.000,0.000,0.000
0.000,0.000,0.000
0.000,0.000,0.000
0.000,0.000,0.000
0.020,0.011,0.020
0.000,0.000,0.000
0.000,0.000,0.000
0.000,0.000,0.000
0.000,0.000,0.000
0.000,0.000,0.000
0.000,0.000,0.000
0.007,0.010,0.014
0.000,0.000,0.000
0.447,0.635,0.702
0.000,0.000,0.000
0.000,0.000,0.000
0.179,0.267,0.354
0.179,0.267,0.354
0.000,0.000,0.000
0.000,0.000,0.000
0.033,0.025,0.028
0.000,0.000,0.000
0.021,0.017,0.016
0.013,0.017,0.022
0.000,0.000,0.000
0.000,0.000,0.000
0.825,0.970,0.996
0.000,0.000,0.000
0.010,0.011,0.016
0.000,0.000,0.000
0.000,0.000,0.000
0.327,0.397,0.419
0.429,0.941,1.000
0.533,0.941,1.000
0.625,1.000,1.000
0.625,1.000,1.000
0.429,0.941,1.000
0.533,1.000,1.000
0.533,0.941,1.000
0.533,0.941,1.000
0.000,0.000,0.000
0.070,0.062,0.102
0.000,0.000,0.000
0.000,0.019,0.019
0.000,0.000,0.000
1.000,1.000,1.000
0.007,0.005,0.004
0.000,0.000,0.000
0.000,0.000,0.000
0.000,0.000,0.000
0.000,0.000,0.000
0.000,0.000,0.000
0.000,0.000,0.000
0.013,0.014,0.018
0.000,0.000,0.000
0.000,0.000,0.000
0.000,0.000,0.000
0.000,0.000,0.000
0.000,0.000,0.000
0.000,0.000,0.000
0.000,0.000,0.000
0.000,0.000,0.000
0.000,0.000,0.000
0.000,0.000,0.000
0.000,0.000,0.000
0.000,0.016,0.030
0.000,0.000,0.000
0.189,0.183,0.207
0.000,0.000,0.000
0.000,0.000,0.000
0.344,0.399,0.398
0.000,0.000,0.000
0.000,0.000,0.000
0.000,0.000,0.000
0.073,0.093,0.103
0.781,0.840,0.907
0.101,0.167,0.197
0.000,0.000,0.000
0.000,0.000,0.000
0.000,0.000,0.000
0.767,0.824,0.835
0.000,0.000,0.000
0.000,0.000,0.000
0.000,0.000,0.000
0.000,0.000,0.000
0.000,0.000,0.000
0.000,0.000,0.000
0.000,0.000,0.000
0.116,0.242,0.298
0.000,0.000,0.000
0.000,0.000,0.000
0.000,0.000,0.000
0.000,0.000,0.000
0.000,0.000,0.000
0.000,0.000,0.000
0.000,0.000,0.000
0.000,0.000,0.000
0.977,1.000,1.000
0.000,0.000,0.000
0.000,0.000,0.000
0.000,0.000,0.000
0.983,1.000,1.000
0.003,0.003,0.004
0.250,0.368,0.450
0.000,0.000,0.000
0.000,0.000,0.000
0.026,0.039,0.056
0.000,0.000,0.000
0.000,0.000,0.000
0.955,1.000,1.000
0.000,0.000,0.000
0.000,0.000,0.000
0.976,1.000,1.000
0.057,0.053,0.067
0.000,0.000,0.000
0.000,0.000,0.000
0.000,0.000,0.000
0.000,0.000,0.000
0.250,0.263,0.350
1.000,1.000,1.000
0.031,0.041,0.044
0.275,0.332,0.358
1.000,1.000,1.000
0.000,0.000,0.000
0.000,0.000,0.000
0.000,0.000,0.000
0.000,0.000,0.000
0.000,0.000,0.000
0.933,1.000,1.000
0.000,0.000,0.000
0.000,0.000,0.000
0.000,0.000,0.000
0.047,0.137,0.174
0.000,0.000,0.000
0.000,0.000,0.000
0.000,0.000,0.000
0.000,0.000,0.000
0.340,0.368,0.387
0.340,0.356,0.376
0.000,0.000,0.000
0.961,0.994,1.000
0.217,0.227,0.304
0.000,0.000,0.000
0.007,0.004,0.004
0.000,0.000,0.000
0.000,0.004,0.007
0.000,0.000,0.000
0.947,1.000,1.000
0.000,0.000,0.000
0.000,0.000,0.000
0.139,0.179,0.184
0.066,0.083,0.108
0.000,0.000,0.000
0.000,0.000,0.000
0.000,0.000,0.000
0.000,0.000,0.000
0.000,0.000,0.000
0.000,0.000,0.000
0.770,0.918,0.968
0.000,0.000,0.000
0.000,0.000,0.000
0.000,0.000,0.000
0.000,0.000,0.000
0.000,0.000,0.000
0.000,0.000,0.000
0.000,0.000,0.000
0.000,0.000,0.000
0.000,0.000,0.000
0.000,0.000,0.000
0.000,0.000,0.000
0.000,0.000,0.000
0.578,0.713,0.736
0.000,0.000,0.000
0.551,0.643,0.659
0.035,0.045,0.061
0.037,0.033,0.032
0.037,0.033,0.032
0.000,0.000,0.000
0.000,0.000,0.000
0.000,0.000,0.000
0.000,0.000,0.000
0.000,0.000,0.000
0.000,0.000,0.000
0.907,0.984,1.000
0.296,0.333,0.366
0.000,0.000,0.000
0.045,0.051,0.062
0.000,0.000,0.000
0.000,0.000,0.000
0.000,0.000,0.000
0.000,0.000,0.000
0.000,0.000,0.000
0.056,0.111,0.162
0.000,0.000,0.000
1.000,1.000,1.000
0.000,0.000,0.000
0.000,0.000,0.000
0.000,0.000,0.000
0.000,0.000,0.000
0.962,1.000,1.000
0.000,0.000,0.000
0.000,0.000,0.000
0.000,0.000,0.000
0.000,0.000,0.000
0.000,0.000,0.000
0.000,0.000,0.000
0.000,0.000,0.000
0.919,1.000,1.000
0.000,0.000,0.000
0.040,0.062,0.066
0.947,1.000,1.000
0.005,0.007,0.010
0.000,0.000,0.000
0.000,0.000,0.000
1.000,1.000,1.000
0.009,0.002,0.004
0.009,0.002,0.004
0.961,1.000,1.000
0.250,0.224,0.254
0.000,0.000,0.000
0.000,0.000,0.000
0.942,0.995,1.000
0.000,0.000,0.000
0.000,0.000,0.000
0.000,0.000,0.000
0.000,0.000,0.000
0.000,0.000,0.000
0.000,0.000,0.000
0.000,0.000,0.000
0.000,0.000,0.000
0.004,0.002,0.002
0.000,0.000,0.000
0.013,0.000,0.009
0.013,0.000,0.009
0.000,0.000,0.000
0.000,0.000,0.000
0.000,0.000,0.000
0.000,0.000,0.000
0.000,0.000,0.000
0.762,0.842,0.900
0.161,0.200,0.243
0.039,0.032,0.035
0.000,0.000,0.000
1.000,1.000,1.000
0.000,0.000,0.000
0.937,1.000,1.000
0.000,0.000,0.000
0.000,0.000,0.000
0.037,0.041,0.050
0.006,0.004,0.003
0.000,0.000,0.000
0.000,0.000,0.000
0.000,0.000,0.000
0.000,0.000,0.000
0.000,0.000,0.000
0.800,0.889,0.947
0.000,0.000,0.000
0.902,0.953,0.972
0.018,0.036,0.047
0.000,0.000,0.000
0.000,0.000,0.000
0.610,0.641,0.675
0.000,0.000,0.000
0.000,0.000,0.000
0.000,0.001,0.002
0.000,0.000,0.000
0.000,0.000,0.000
0.057,0.047,0.053
0.000,0.000,0.000
0.000,0.000,0.000
0.000,0.000,0.000
0.000,0.000,0.000
0.000,0.000,0.000
0.000,0.000,0.000
0.000,0.000,0.000
0.009,0.018,0.034
0.009,0.012,0.028
0.000,0.000,0.000
0.000,0.000,0.000
0.000,0.000,0.000
0.000,0.000,0.000
0.582,0.695,0.710
0.000,0.000,0.000
0.000,0.003,0.003
0.000,0.000,0.000
0.000,0.000,0.000
0.000,0.000,0.000
0.000,0.000,0.000
0.000,0.000,0.000
0.000,0.000,0.000
0.000,0.000,0.000
0.004,0.004,0.005
0.000,0.003,0.005
0.000,0.000,0.000
0.000,0.000,0.000
0.000,0.000,0.000
0.061,0.055,0.061
0.031,0.041,0.044
0.069,0.070,0.064
0.069,0.070,0.064
0.640,0.696,0.750
0.708,0.773,0.826
0.000,0.000,0.000
0.000,0.000,0.000
1.000,1.000,1.000
0.020,0.016,0.019
0.016,0.019,0.022
0.000,0.000,0.000
0.000,0.009,0.015
1.000,1.000,1.000
0.000,0.000,0.000
0.000,0.000,0.000
0.000,0.000,0.000
0.000,0.000,0.000
0.862,0.994,1.000
0.758,0.961,0.993
0.298,0.364,0.383
0.000,0.000,0.000
0.248,0.323,0.331
0.000,0.000,0.000
0.241,0.318,0.350
0.079,0.078,0.085
0.000,0.000,0.000
0.154,0.188,0.235
0.780,0.965,0.999
0.000,0.000,0.000
0.848,0.982,0.994
0.000,0.000,0.000
0.000,0.000,0.000
0.404,0.447,0.465
0.000,0.000,0.000
0.000,0.000,0.000
0.103,0.136,0.140
0.000,0.000,0.000
0.876,0.976,0.990
0.000,0.000,0.000
0.011,0.009,0.008
0.000,0.000,0.000
0.000,0.000,0.000
0.000,0.000,0.000
0.011,0.046,0.063
0.060,0.055,0.054
0.106,0.116,0.154
0.352,0.547,0.593
0.030,0.106,0.157
0.859,0.996,1.000
0.000,0.000,0.000
0.000,0.000,0.000
0.082,0.147,0.188
0.000,0.000,0.000
0.000,0.000,0.000
0.000,0.000,0.000
0.000,0.000,0.000
0.177,0.225,0.237
0.000,0.000,0.000
0.000,0.000,0.000
0.000,0.000,0.000
0.000,0.000,0.000
0.000,0.000,0.000
0.972,1.000,1.000
0.000,0.000,0.000
0.000,0.000,0.000
0.000,0.000,0.000
0.000,0.000,0.000
0.000,0.000,0.000
0.000,0.000,0.000
0.152,0.131,0.134
0.913,0.988,0.996
0.000,0.000,0.000
0.000,0.000,0.000
0.163,0.121,0.133
0.000,0.000,0.000
0.000,0.000,0.000
0.000,0.000,0.000
0.000,0.000,0.000
0.002,0.000,0.002
0.000,0.000,0.000
0.000,0.000,0.000
0.000,0.000,0.000
0.000,0.000,0.000
0.010,0.015,0.021
0.231,0.240,0.240
0.999,1.000,1.000
1.000,1.000,1.000
0.000,0.000,0.000
0.000,0.000,0.000
0.000,0.000,0.000
0.000,0.000,0.000
0.068,0.087,0.113
0.068,0.087,0.113
0.918,0.992,1.000
0.000,0.000,0.000
0.000,0.000,0.000
0.068,0.087,0.113
0.021,0.055,0.086
0.025,0.006,0.017
0.000,0.000,0.000
0.000,0.000,0.000
0.955,1.000,1.000
0.910,0.995,1.000
0.000,0.000,0.000
0.000,0.000,0.000
0.015,0.014,0.013
0.000,0.000,0.000
0.013,0.003,0.007
0.068,0.111,0.147
0.001,0.006,0.007
0.054,0.095,0.114
0.022,0.023,0.029
0.000,0.000,0.000
0.000,0.000,0.000
0.000,0.000,0.000
0.000,0.000,0.000
0.000,0.000,0.000
0.000,0.000,0.000
0.000,0.000,0.000
0.000,0.000,0.000
0.000,0.000,0.000
0.000,0.000,0.000
0.000,0.000,0.000
0.000,0.000,0.000
0.000,0.000,0.000
0.000,0.000,0.000
0.000,0.000,0.000
0.000,0.000,0.000
0.000,0.000,0.000
0.000,0.000,0.000
0.000,0.000,0.000
0.000,0.000,0.000
0.000,0.000,0.000
0.703,0.895,0.941
0.016,0.079,0.137
0.000,0.000,0.000
0.051,0.084,0.123
0.075,0.070,0.068
0.042,0.036,0.069
0.892,0.993,1.000
0.938,1.000,1.000
1.000,1.000,1.000
0.024,0.041,0.073
0.000,0.000,0.000
0.000,0.000,0.000
0.000,0.000,0.000
0.000,0.000,0.000
0.000,0.000,0.000
0.307,0.337,0.358
0.000,0.000,0.000
0.274,0.349,0.366
0.103,0.143,0.173
0.006,0.006,0.008
0.303,0.412,0.451
0.010,0.010,0.011
0.000,0.000,0.000
0.000,0.000,0.000
0.000,0.000,0.000
0.768,0.870,0.878
0.000,0.000,0.000
0.000,0.000,0.000
0.000,0.000,0.000
0.823,0.972,0.991
0.069,0.080,0.098
0.000,0.000,0.000
0.000,0.000,0.000
0.000,0.000,0.000
0.000,0.000,0.000
0.000,0.000,0.000
0.000,0.000,0.000
0.000,0.000,0.000
0.000,0.000,0.000
0.000,0.000,0.000
0.894,0.988,1.000
0.894,0.988,1.000
0.894,0.988,1.000
0.894,0.988,1.000
0.000,0.000,0.000
0.103,0.109,0.110
0.000,0.000,0.000
0.017,0.021,0.026
0.000,0.000,0.000
0.000,0.000,0.000
1.000,1.000,1.000
0.000,0.000,0.000
0.022,0.023,0.029
0.016,0.020,0.026
0.003,0.006,0.010
0.005,0.012,0.020
0.001,0.003,0.003
0.000,0.000,0.000
0.000,0.000,0.000
0.000,0.000,0.000
0.764,0.853,0.865
0.000,0.000,0.000
0.053,0.000,0.041
0.044,0.000,0.038
0.095,0.000,0.100
0.091,0.000,0.095
0.043,0.000,0.041
0.000,0.000,0.000
0.000,0.000,0.000
0.000,0.000,0.000
1.000,1.000,1.000
0.006,0.000,0.003
0.000,0.000,0.000
0.069,0.000,0.071
0.053,0.000,0.053
0.013,0.019,0.024
0.051,0.045,0.043
0.022,0.018,0.017
1.000,1.000,1.000
0.011,0.007,0.006
0.015,0.010,0.011
0.861,0.969,0.988
0.818,0.934,0.957
0.000,0.000,0.000
0.000,0.000,0.000
0.000,0.000,0.000
0.000,0.000,0.000
0.000,0.000,0.000
0.000,0.000,0.000
0.000,0.000,0.000
1.000,1.000,1.000
0.000,0.000,0.000
0.000,0.000,0.000
0.000,0.000,0.000
0.000,0.000,0.000
1.000,1.000,1.000
0.000,0.000,0.000
1.000,1.000,1.000
0.296,0.370,0.429
1.000,1.000,1.000
1.000,1.000,1.000
0.364,0.455,0.522
0.000,0.000,0.000
0.308,0.385,0.444
0.348,0.435,0.500
1.000,1.000,1.000
0.348,0.435,0.500
0.320,0.400,0.462
0.000,0.000,0.000
0.000,0.000,0.000
0.385,0.571,0.667
0.964,1.000,1.000
0.000,0.000,0.000
0.000,0.000,0.000
0.000,0.000,0.000
0.000,0.000,0.000
0.000,0.000,0.000
0.000,0.000,0.000
0.000,0.000,0.000
0.000,0.000,0.000
0.000,0.000,0.000
0.000,0.000,0.000
1.000,1.000,1.000
1.000,1.000,1.000
0.000,0.000,0.000
0.000,0.000,0.000
0.000,0.000,0.000
0.000,0.000,0.000
0.000,0.000,0.000
0.000,0.000,0.000
0.000,0.000,0.000
0.000,0.000,0.000
0.000,0.000,0.000
0.000,0.000,0.000
0.000,0.000,0.000
1.000,1.000,1.000
1.000,1.000,1.000
1.000,1.000,1.000
0.000,0.000,0.000
0.000,0.000,0.000
0.000,0.000,0.000
0.320,0.400,0.462
0.000,0.000,0.000
0.000,0.000,0.000
0.000,0.000,0.000
0.000,0.000,0.000
0.000,0.000,0.000
0.333,0.417,0.480
0.000,0.000,0.000
0.000,0.000,0.000
0.000,0.000,0.000
0.000,0.000,0.000
0.000,0.000,0.000
0.000,0.000,0.000
0.000,0.000,0.000
0.000,0.000,0.000
0.000,0.000,0.000
0.000,0.000,0.000
0.000,0.000,0.000
0.000,0.000,0.000
0.000,0.000,0.000
1.000,1.000,1.000
0.000,0.000,0.000
0.000,0.000,0.000
0.000,0.000,0.000
0.000,0.000,0.000
0.000,0.000,0.000
1.000,1.000,1.000
0.296,0.370,0.429
1.000,1.000,1.000
1.000,1.000,1.000
1.000,1.000,1.000
1.000,1.000,1.000
1.000,1.000,1.000
1.000,1.000,1.000
1.000,1.000,1.000
1.000,1.000,1.000
1.000,1.000,1.000
1.000,1.000,1.000
0.000,0.000,0.000
1.000,1.000,1.000
1.000,1.000,1.000
1.000,1.000,1.000
1.000,1.000,1.000
0.000,0.000,0.000
0.000,0.000,0.000
0.308,0.370,0.429
0.000,0.000,0.000
0.000,0.000,0.000
1.000,1.000,1.000
1.000,1.000,1.000
1.000,1.000,1.000
1.000,1.000,1.000
1.000,1.000,1.000
1.000,1.000,1.000
1.000,1.000,1.000
0.391,0.542,0.654
1.000,1.000,1.000
1.000,1.000,1.000
1.000,1.000,1.000
1.000,1.000,1.000
1.000,1.000,1.000
1.000,1.000,1.000
1.000,1.000,1.000
0.000,0.000,0.000
0.000,0.000,0.000
0.000,0.000,0.000
0.000,0.000,0.000
0.000,0.000,0.000
0.000,0.000,0.000
1.000,1.000,1.000
0.000,0.000,0.000
0.000,0.000,0.000
0.000,0.000,0.000
1.000,1.000,1.000
0.000,0.000,0.000
1.000,1.000,1.000
1.000,1.000,1.000
1.000,1.000,1.000
1.000,1.000,1.000
1.000,1.000,1.000
1.000,1.000,1.000
1.000,1.000,1.000
1.000,1.000,1.000
1.000,1.000,1.000
1.000,1.000,1.000
1.000,1.000,1.000
1.000,1.000,1.000
1.000,1.000,1.000
1.000,1.000,1.000
1.000,1.000,1.000
1.000,1.000,1.000
1.000,1.000,1.000
1.000,1.000,1.000
0.000,0.000,0.000
0.000,0.000,0.000
0.000,0.000,0.000
0.000,0.000,0.000
1.000,1.000,1.000
0.000,0.000,0.000
0.000,0.000,0.000
0.000,0.000,0.000
0.000,0.000,0.000
0.000,0.000,0.000
1.000,1.000,1.000
0.000,0.000,0.000
0.000,0.000,0.000
0.000,0.000,0.000
0.000,0.000,0.000
0.000,0.000,0.000
1.000,1.000,1.000
1.000,1.000,1.000
0.333,0.500,0.588
1.000,1.000,1.000
1.000,1.000,1.000
0.000,0.000,0.000
1.000,1.000,1.000
0.000,0.000,0.000
1.000,1.000,1.000
1.000,1.000,1.000
0.348,0.435,0.500
0.000,0.000,0.000
1.000,1.000,1.000
0.000,0.000,0.000
0.000,0.000,0.000
1.000,1.000,1.000
1.000,1.000,1.000
0.000,0.000,0.000
0.000,0.000,0.000
1.000,1.000,1.000
1.000,1.000,1.000
1.000,1.000,1.000
1.000,1.000,1.000
1.000,1.000,1.000
0.000,0.000,0.000
1.000,1.000,1.000
1.000,1.000,1.000
0.000,0.000,0.000
1.000,1.000,1.000
1.000,1.000,1.000
1.000,1.000,1.000
1.000,1.000,1.000
1.000,1.000,1.000
1.000,1.000,1.000
1.000,1.000,1.000
0.000,0.000,0.000
0.000,0.000,0.000
0.000,0.000,0.000
1.000,1.000,1.000
0.000,0.000,0.000
0.000,0.000,0.000
0.000,0.000,0.000
0.000,0.000,0.000
0.000,0.000,0.000
1.000,1.000,1.000
0.000,0.000,0.000
1.000,1.000,1.000
0.000,0.000,0.000
0.000,0.000,0.000
0.000,0.000,0.000
0.000,0.000,0.000
0.000,0.000,0.000
0.000,0.000,0.000
0.000,0.000,0.000
0.967,1.000,1.000
0.286,0.357,0.414
0.964,1.000,1.000
0.000,0.000,0.000
0.000,0.000,0.000
1.000,1.000,1.000
0.000,0.000,0.000
0.000,0.000,0.000
0.960,1.000,1.000
0.000,0.000,0.000
0.000,0.000,0.000
1.000,1.000,1.000
1.000,1.000,1.000
0.276,0.345,0.400
0.000,0.000,0.000
0.000,0.000,0.000
0.000,0.000,0.000
0.000,0.000,0.000
0.000,0.000,0.000
0.000,0.000,0.000
0.000,0.000,0.000
0.000,0.000,0.000
0.000,0.000,0.000
0.000,0.000,0.000
1.000,1.000,1.000
1.000,1.000,1.000
0.000,0.000,0.000
0.000,0.000,0.000
0.000,0.000,0.000
0.000,0.000,0.000
1.000,1.000,1.000
0.000,0.000,0.000
0.000,0.000,0.000
0.000,0.000,0.000
1.000,1.000,1.000
1.000,1.000,1.000
1.000,1.000,1.000
0.000,0.000,0.000
0.000,0.000,0.000
1.000,1.000,1.000
0.000,0.000,0.000
0.000,0.000,0.000
0.308,0.370,0.429
0.000,0.000,0.000
0.000,0.000,0.000
1.000,1.000,1.000
1.000,1.000,1.000
0.000,0.000,0.000
1.000,1.000,1.000
1.000,1.000,1.000
0.000,0.000,0.000
0.000,0.000,0.000
0.000,0.000,0.000
0.000,0.000,0.000
0.364,0.455,0.522
0.000,0.000,0.000
0.348,0.435,0.500
0.348,0.435,0.500
0.320,0.400,0.462
0.296,0.370,0.429
0.000,0.000,0.000
0.000,0.000,0.000
1.000,1.000,1.000
0.286,0.357,0.414
0.320,0.385,0.444
0.000,0.000,0.000
1.000,1.000,1.000
0.348,0.435,0.500
0.296,0.370,0.429
0.296,0.370,0.429
1.000,1.000,1.000
0.000,0.000,0.000
0.345,0.516,0.606
0.000,0.000,0.000
0.000,0.000,0.000
0.000,0.000,0.000
1.000,1.000,1.000
0.267,0.333,0.387
0.211,0.250,0.286
0.296,0.370,0.429
0.000,0.000,0.000
0.000,0.000,0.000
0.000,0.000,0.000
0.000,0.000,0.000
0.000,0.000,0.000
1.000,1.000,1.000
0.000,0.000,0.000
0.296,0.370,0.429
0.296,0.370,0.429
0.258,0.323,0.375
0.348,0.435,0.500
1.000,1.000,1.000
0.000,0.000,0.000
0.000,0.000,0.000
0.000,0.000,0.000
0.000,0.000,0.000
0.308,0.370,0.429
0.000,0.000,0.000
0.000,0.000,0.000
0.000,0.000,0.000
0.000,0.000,0.000
0.211,0.256,0.293
0.000,0.000,0.000
0.000,0.000,0.000
0.000,0.000,0.000
0.000,0.000,0.000
0.000,0.000,0.000
0.000,0.000,0.000
0.000,0.000,0.000
0.000,0.000,0.000
0.000,0.000,0.000
0.296,0.370,0.429
0.000,0.000,0.000
1.000,1.000,1.000
0.000,0.000,0.000
0.000,0.000,0.000
0.000,0.000,0.000
0.000,0.000,0.000
0.320,0.400,0.462
0.000,0.000,0.000
0.000,0.000,0.000
0.357,0.533,0.625
1.000,1.000,1.000
1.000,1.000,1.000
0.370,0.552,0.645
0.967,1.000,1.000
1.000,1.000,1.000
0.000,0.000,0.000
0.964,1.000,1.000
0.000,0.000,0.000
1.000,1.000,1.000
0.000,0.000,0.000
0.000,0.000,0.000
0.000,0.000,0.000
0.000,0.000,0.000
0.000,0.000,0.000
0.276,0.345,0.400
0.276,0.345,0.400
0.000,0.000,0.000
0.000,0.000,0.000
1.000,1.000,1.000
1.000,1.000,1.000
0.000,0.000,0.000
0.320,0.400,0.462
1.000,1.000,1.000
0.000,0.000,0.000
0.000,0.000,0.000
0.000,0.000,0.000
1.000,1.000,1.000
0.286,0.357,0.414
1.000,1.000,1.000
0.333,0.417,0.480
0.000,0.000,0.000
0.308,0.385,0.444
0.000,0.000,0.000
0.000,0.000,0.000
0.000,0.000,0.000
0.308,0.385,0.444
1.000,1.000,1.000
0.000,0.000,0.000
0.000,0.000,0.000
1.000,1.000,1.000
1.000,1.000,1.000
0.000,0.000,0.000
1.000,1.000,1.000
1.000,1.000,1.000
1.000,1.000,1.000
0.000,0.000,0.000
0.000,0.000,0.000
0.000,0.000,0.000
0.000,0.000,0.000
0.000,0.000,0.000
1.000,1.000,1.000
1.000,1.000,1.000
1.000,1.000,1.000
1.000,1.000,1.000
0.000,0.000,0.000
1.000,1.000,1.000
1.000,1.000,1.000
1.000,1.000,1.000
0.000,0.000,0.000
0.000,0.000,0.000
0.000,0.000,0.000
0.000,0.000,0.000
0.000,0.000,0.000
0.000,0.000,0.000
0.000,0.000,0.000
0.000,0.000,0.000
0.000,0.000,0.000
0.000,0.000,0.000
0.000,0.000,0.000
0.308,0.385,0.444
0.276,0.345,0.400
0.267,0.333,0.387
0.296,0.370,0.429
0.000,0.000,0.000
0.000,0.000,0.000
0.000,0.000,0.000
0.000,0.000,0.000
0.000,0.000,0.000
0.000,0.000,0.000
0.840,0.952,0.972
0.000,0.000,0.000
0.000,0.000,0.000
0.050,0.069,0.098
0.000,0.000,0.000
0.000,0.000,0.000
0.000,0.000,0.000
0.000,0.000,0.000
0.000,0.000,0.000
0.000,0.000,0.000
0.000,0.000,0.000
0.000,0.000,0.000
0.000,0.000,0.000
0.000,0.000,0.000
0.000,0.000,0.000
0.897,0.994,1.000
0.803,0.984,0.995
0.877,0.994,1.000
0.867,0.994,1.000
0.859,0.995,1.000
0.881,1.000,1.000
0.876,0.981,1.000
0.005,0.000,0.006
0.000,0.000,0.000
0.042,0.036,0.038
0.615,0.755,0.815
0.000,0.000,0.000
0.000,0.000,0.000
0.000,0.000,0.000
0.000,0.000,0.000
0.000,0.000,0.000
0.063,0.061,0.066
0.037,0.121,0.211
0.000,0.000,0.000
0.000,0.000,0.000
0.018,0.041,0.062
0.096,0.113,0.121
0.285,0.353,0.381
0.990,1.000,1.000
0.006,0.006,0.007
0.007,0.011,0.014
1.000,1.000,1.000
1.000,1.000,1.000
1.000,1.000,1.000
1.000,1.000,1.000
1.000,1.000,1.000
1.000,1.000,1.000
1.000,1.000,1.000
0.000,0.000,0.000
0.000,0.000,0.000
0.023,0.017,0.034
0.000,0.000,0.000
0.000,0.000,0.000
0.018,0.050,0.069
0.021,0.026,0.034
0.029,0.027,0.037
0.000,0.000,0.000
0.000,0.000,0.000
0.795,0.965,0.992
0.132,0.138,0.153
0.000,0.000,0.000
0.000,0.000,0.000
0.000,0.000,0.000
0.000,0.000,0.000
0.000,0.000,0.000
0.000,0.000,0.000
0.900,0.991,1.000
0.000,0.000,0.000
0.978,1.000,1.000
0.486,0.581,0.581
0.000,0.000,0.000
0.000,0.000,0.000
0.000,0.000,0.000
0.000,0.000,0.000
0.000,0.000,0.000
0.005,0.005,0.007
0.079,0.044,0.064
0.095,0.113,0.124
0.000,0.000,0.000
0.003,0.010,0.015
0.000,0.000,0.000
0.000,0.000,0.000
0.002,0.003,0.004
0.903,0.994,1.000
0.007,0.004,0.006
0.000,0.000,0.000
0.000,0.000,0.000
0.000,0.000,0.000
0.000,0.000,0.000
0.007,0.008,0.012
0.016,0.035,0.036
0.000,0.000,0.000
0.007,0.008,0.012
0.059,0.065,0.077
0.000,0.000,0.000
0.000,0.000,0.000
0.000,0.000,0.000
0.000,0.000,0.000
0.000,0.000,0.000
0.019,0.027,0.038
0.000,0.000,0.000
0.000,0.000,0.000
0.007,0.008,0.012
0.013,0.021,0.027
0.000,0.000,0.000
0.000,0.000,0.000
0.125,0.091,0.123
0.032,0.039,0.044
0.024,0.009,0.013
0.000,0.000,0.000
0.000,0.000,0.000
0.000,0.000,0.000
0.000,0.000,0.000
0.000,0.000,0.000
0.000,0.000,0.000
0.000,0.000,0.000
0.000,0.000,0.000
0.000,0.000,0.000
0.000,0.000,0.000
0.024,0.000,0.020
0.000,0.000,0.000
0.838,0.943,0.992
0.000,0.000,0.000
0.000,0.000,0.000
0.000,0.000,0.000
0.000,0.000,0.000
0.000,0.000,0.000
0.609,0.639,0.653
0.005,0.005,0.007
0.016,0.026,0.034
0.040,0.053,0.057
0.135,0.169,0.226
0.000,0.000,0.000
0.000,0.000,0.000
0.000,0.000,0.000
0.931,0.995,1.000
0.000,0.000,0.000
0.122,0.087,0.081
0.179,0.211,0.217
0.000,0.000,0.000
1.000,1.000,1.000
0.000,0.000,0.000
0.021,0.025,0.039
0.000,0.000,0.000
0.005,0.006,0.010
0.004,0.008,0.011
0.625,0.703,0.718
0.000,0.000,0.000
0.000,0.000,0.000
0.000,0.000,0.000
0.000,0.000,0.000
1.000,1.000,1.000
0.000,0.000,0.000
0.000,0.000,0.000
0.004,0.002,0.002
0.889,0.993,1.000
0.000,0.000,0.000
0.000,0.000,0.000
0.000,0.000,0.000
0.000,0.000,0.000
1.000,1.000,1.000
0.000,0.000,0.000
0.000,0.000,0.000
0.000,0.000,0.000
0.005,0.000,0.002
0.110,0.125,0.134
0.000,0.000,0.000
0.870,0.895,0.897
0.010,0.013,0.014
0.000,0.000,0.000
0.087,0.000,0.077
0.000,0.000,0.000
0.063,0.089,0.124
0.135,0.182,0.200
0.000,0.000,0.000
0.000,0.000,0.000
0.000,0.000,0.000
0.172,0.187,0.189
0.000,0.000,0.000
0.000,0.000,0.000
0.004,0.008,0.011
0.000,0.000,0.000
0.000,0.000,0.000
0.000,0.000,0.000
0.220,0.217,0.227
0.000,0.000,0.000
0.000,0.000,0.000
0.000,0.000,0.000
0.000,0.000,0.000
0.000,0.000,0.000
0.000,0.000,0.000
0.000,0.000,0.000
0.015,0.023,0.034
0.002,0.004,0.006
0.930,0.978,1.000
0.000,0.000,0.000
0.000,0.000,0.000
0.000,0.000,0.000
0.019,0.023,0.032
0.125,0.127,0.127
0.272,0.295,0.328
0.024,0.047,0.065
0.924,0.991,0.995
0.000,0.000,0.000
0.000,0.000,0.000
0.000,0.000,0.000
0.000,0.000,0.000
0.000,0.000,0.000
0.000,0.000,0.000
0.000,0.000,0.000
0.000,0.000,0.000
0.000,0.000,0.000
0.000,0.000,0.000
0.000,0.000,0.000
0.306,0.314,0.319
0.306,0.314,0.319
0.306,0.314,0.319
0.000,0.000,0.000
0.000,0.000,0.000
0.033,0.065,0.095
0.000,0.000,0.000
0.000,0.000,0.000
0.005,0.004,0.004
0.991,0.998,1.000
0.000,0.000,0.000
0.000,0.000,0.000
0.000,0.000,0.000
0.099,0.119,0.139
0.099,0.121,0.141
0.000,0.000,0.000
0.000,0.000,0.000
0.000,0.000,0.000
0.000,0.000,0.000
0.000,0.000,0.000
0.000,0.000,0.000
0.999,1.000,1.000
0.000,0.000,0.000
0.000,0.000,0.000
0.000,0.000,0.000
0.000,0.000,0.000
0.000,0.000,0.000
0.000,0.000,0.000
0.017,0.021,0.021
0.000,0.000,0.000
0.000,0.000,0.000
0.000,0.000,0.000
0.000,0.000,0.000
0.008,0.010,0.015
0.000,0.000,0.000
0.973,1.000,1.000
0.013,0.020,0.021
0.854,0.959,0.976
0.043,0.016,0.030
0.002,0.001,0.001
0.000,0.000,0.000
0.156,0.257,0.351
0.758,0.833,0.851
0.000,0.000,0.000
0.030,0.032,0.036
0.016,0.021,0.030
0.000,0.000,0.000
0.000,0.000,0.000
0.000,0.000,0.000
0.000,0.000,0.000
0.000,0.000,0.000
0.000,0.000,0.000
0.000,0.000,0.000
0.000,0.000,0.000
0.000,0.000,0.000
0.000,0.000,0.000
0.000,0.000,0.000
0.000,0.000,0.000
0.000,0.000,0.000
0.000,0.000,0.000
0.009,0.005,0.005
0.455,0.556,0.700
0.000,0.000,0.000
0.000,0.000,0.000
0.000,0.000,0.000
0.000,0.000,0.000
0.000,0.000,0.000
0.000,0.000,0.000
0.000,0.000,0.000
0.763,0.933,0.961
0.000,0.000,0.000
0.000,0.000,0.000
0.962,1.000,1.000
0.000,0.000,0.000
0.010,0.008,0.010
0.969,0.995,1.000
0.000,0.000,0.000
0.000,0.000,0.000
0.156,0.163,0.175
0.000,0.000,0.000
0.000,0.000,0.000
0.000,0.000,0.000
0.308,0.381,0.385
0.000,0.000,0.000
0.000,0.000,0.000
0.000,0.000,0.000
0.000,0.000,0.000
0.000,0.000,0.000
0.000,0.000,0.000
0.043,0.050,0.065
0.000,0.000,0.000
0.000,0.000,0.000
1.000,1.000,1.000
0.000,0.000,0.000
0.000,0.000,0.000
0.000,0.000,0.000
0.000,0.000,0.000
0.000,0.000,0.000
0.000,0.000,0.000
0.000,0.000,0.000
0.000,0.000,0.000
0.000,0.000,0.000
0.004,0.005,0.007
0.023,0.032,0.038
0.015,0.014,0.015
0.000,0.000,0.000
1.000,1.000,1.000
1.000,1.000,1.000
0.167,0.194,0.225
0.034,0.034,0.044
0.250,0.250,0.333
0.000,0.000,0.000
0.000,0.000,0.000
0.000,0.000,0.000
0.627,0.656,0.653
0.000,0.000,0.000
0.464,0.529,0.552
0.156,0.242,0.294
0.000,0.000,0.000
0.000,0.000,0.000
0.481,0.603,0.603
0.011,0.009,0.009
0.000,0.000,0.000
0.000,0.000,0.000
0.000,0.000,0.000
0.000,0.000,0.000
0.000,0.000,0.000
1.000,1.000,1.000
0.000,0.000,0.000
0.005,0.000,0.002
0.000,0.000,0.000
0.000,0.000,0.000
0.000,0.000,0.000
0.378,0.622,0.707
0.000,0.000,0.000
0.813,0.951,0.970
0.012,0.002,0.007
0.185,0.125,0.200
0.000,0.000,0.000
0.000,0.000,0.000
0.894,0.989,1.000
0.000,0.000,0.000
0.065,0.100,0.133
0.094,0.128,0.175
0.000,0.000,0.000
0.009,0.011,0.012
0.000,0.000,0.000
0.000,0.000,0.000
0.000,0.000,0.000
0.000,0.000,0.000
0.000,0.000,0.000
0.000,0.000,0.000
0.000,0.000,0.000
0.864,0.992,1.000
0.000,0.000,0.000
0.000,0.000,0.000
0.000,0.000,0.000
0.000,0.000,0.000
0.000,0.000,0.000
0.000,0.000,0.000
0.000,0.000,0.000
0.000,0.000,0.000
0.000,0.000,0.000
0.000,0.000,0.000
0.000,0.000,0.000
0.000,0.000,0.000
0.000,0.000,0.000
0.000,0.000,0.000
0.000,0.000,0.000
0.000,0.000,0.000
0.000,0.000,0.000
0.000,0.000,0.000
0.000,0.000,0.000
0.000,0.000,0.000
0.000,0.000,0.000
0.000,0.000,0.000
0.000,0.000,0.000
0.000,0.000,0.000
0.000,0.000,0.000
0.000,0.000,0.000
0.000,0.000,0.000
0.000,0.000,0.000
0.000,0.000,0.000
0.000,0.000,0.000
0.000,0.000,0.000
0.006,0.008,0.011
0.037,0.055,0.064
0.425,0.508,0.551
0.000,0.000,0.000
0.000,0.000,0.000
0.000,0.000,0.000
1.000,1.000,1.000
1.000,1.000,1.000
0.000,0.000,0.000
0.000,0.000,0.000
0.000,0.000,0.000
1.000,1.000,1.000
0.000,0.000,0.000
0.000,0.000,0.000
0.000,0.000,0.000
0.023,0.083,0.115
0.000,0.000,0.000
0.000,0.000,0.000
0.000,0.000,0.000
0.003,0.005,0.007
0.000,0.000,0.000
0.000,0.000,0.000
0.000,0.000,0.000
1.000,1.000,1.000
0.018,0.000,0.013
0.000,0.000,0.000
0.005,0.007,0.010
0.045,0.058,0.060
0.000,0.000,0.000
0.129,0.176,0.226
0.000,0.000,0.000
0.941,0.990,0.995
0.000,0.000,0.000
0.000,0.000,0.000
0.000,0.000,0.000
0.000,0.000,0.000
0.000,0.000,0.000
0.000,0.000,0.000
0.000,0.000,0.000
0.000,0.000,0.000
0.000,0.000,0.000
0.000,0.000,0.000
0.000,0.000,0.000
0.000,0.000,0.000
0.000,0.000,0.000
0.051,0.069,0.181
0.727,0.800,0.857
0.000,0.000,0.000
1.000,1.000,1.000
0.000,0.000,0.000
0.032,0.052,0.055
0.007,0.001,0.004
0.000,0.000,0.000
0.000,0.000,0.000
0.000,0.000,0.000
0.000,0.000,0.000
0.000,0.000,0.000
0.000,0.000,0.000
0.000,0.000,0.000
0.026,0.024,0.030
0.000,0.000,0.000
0.922,1.000,1.000
0.000,0.000,0.000
0.000,0.000,0.000
0.074,0.060,0.068
0.411,0.440,0.451
0.000,0.000,0.000
0.960,1.000,1.000
0.027,0.036,0.032
0.000,0.000,0.000
0.000,0.000,0.000
0.000,0.000,0.000
0.879,0.975,0.997
0.000,0.000,0.000
0.000,0.000,0.000
0.000,0.000,0.000
0.000,0.000,0.000
0.000,0.000,0.000
0.000,0.000,0.000
1.000,1.000,1.000
0.000,0.000,0.000
0.027,0.024,0.029
0.000,0.000,0.000
0.000,0.000,0.000
0.611,0.647,0.686
0.000,0.000,0.000
0.966,1.000,1.000
0.009,0.023,0.035
0.000,0.000,0.000
0.000,0.000,0.000
0.528,0.565,0.567
0.000,0.000,0.000
0.000,0.000,0.000
1.000,1.000,1.000
0.094,0.200,0.283
0.680,0.739,0.792
0.611,0.629,0.667
0.000,0.000,0.000
0.000,0.000,0.000
0.000,0.000,0.000
0.762,0.842,0.900
0.000,0.000,0.000
0.020,0.019,0.025
0.615,0.667,0.720
0.000,0.000,0.000
0.000,0.000,0.000
0.000,0.000,0.000
0.000,0.000,0.000
0.000,0.000,0.000
0.571,0.632,0.632
0.000,0.000,0.000
0.032,0.048,0.062
0.000,0.000,0.000
0.006,0.009,0.011
0.053,0.056,0.053
0.000,0.000,0.000
0.000,0.000,0.000
0.000,0.000,0.000
0.000,0.000,0.000
0.000,0.000,0.000
0.000,0.000,0.000
0.000,0.000,0.000
0.856,0.981,0.991
0.964,1.000,1.000
0.000,0.000,0.000
0.000,0.000,0.000
0.000,0.000,0.000
0.051,0.040,0.045
0.000,0.000,0.000
0.007,0.008,0.010
0.000,0.000,0.000
0.022,0.025,0.037
0.000,0.000,0.000
0.304,0.420,0.503
0.023,0.005,0.015
0.047,0.030,0.034
0.001,0.001,0.000
0.000,0.000,0.000
0.000,0.000,0.000
0.005,0.006,0.005
0.000,0.000,0.000
0.002,0.003,0.003
0.014,0.031,0.039
0.000,0.000,0.000
0.025,0.031,0.038
0.023,0.033,0.048
0.000,0.000,0.000
0.000,0.000,0.000
0.000,0.000,0.000
0.000,0.000,0.000
0.000,0.000,0.000
1.000,1.000,1.000
0.000,0.000,0.000
0.000,0.000,0.000
0.000,0.000,0.000
0.100,0.109,0.126
0.024,0.031,0.043
0.021,0.034,0.049
0.000,0.000,0.000
0.050,0.060,0.071
0.177,0.305,0.392
0.050,0.000,0.043
0.000,0.000,0.000
0.775,0.938,0.952
0.000,0.000,0.000
0.000,0.000,0.000
0.061,0.059,0.063
0.000,0.003,0.004
0.032,0.034,0.043
0.032,0.034,0.043
0.000,0.000,0.000
0.000,0.000,0.000
0.000,0.000,0.000
0.005,0.005,0.006
0.000,0.000,0.000
0.022,0.039,0.057
0.000,0.000,0.000
0.000,0.000,0.000
0.029,0.026,0.030
0.792,0.864,0.913
0.005,0.005,0.007
0.005,0.006,0.008
0.000,0.000,0.000
0.607,0.667,0.714
0.000,0.000,0.000
0.500,0.536,0.586
0.000,0.000,0.000
0.000,0.000,0.000
0.000,0.000,0.000
0.696,0.762,0.818
0.696,0.762,0.818
1.000,1.000,1.000
0.762,0.800,0.857
0.708,0.773,0.826
0.462,0.475,0.535
0.006,0.015,0.018
0.000,0.000,0.000
0.726,0.793,0.788
0.112,0.117,0.119
0.000,0.000,0.000
0.000,0.000,0.000
0.073,0.103,0.136
0.970,1.000,1.000
0.000,0.000,0.000
0.000,0.000,0.000
0.032,0.025,0.027
0.000,0.000,0.000
0.000,0.000,0.000
0.000,0.000,0.000
0.000,0.000,0.000
0.529,0.579,0.619
0.000,0.000,0.000
0.000,0.000,0.000
0.000,0.000,0.000
0.205,0.276,0.316
0.708,0.773,0.826
0.750,0.833,0.895
0.556,0.588,0.667
0.571,0.600,0.639
0.579,0.590,0.625
0.567,0.600,0.645
0.652,0.714,0.826
0.630,0.654,0.704
0.474,0.487,0.548
0.487,0.475,0.535
0.762,0.842,0.900
0.773,0.909,0.957
0.609,0.667,0.783
0.609,0.636,0.750
0.519,0.577,0.679
0.737,0.833,0.950
0.800,0.895,0.950
0.667,0.727,0.783
0.000,0.000,0.000
0.667,0.762,0.818
0.696,0.762,0.818
0.762,0.842,0.900
0.000,0.000,0.000
0.414,0.433,0.500
0.000,0.000,0.000
0.552,0.593,0.643
0.586,0.630,0.679
0.000,0.000,0.000
0.640,0.696,0.750
0.667,0.727,0.783
0.727,0.800,0.857
0.714,0.800,0.857
0.000,0.000,0.000
0.000,0.000,0.000
0.000,0.000,0.000
0.000,0.000,0.000
0.000,0.000,0.000
0.000,0.000,0.000
0.000,0.000,0.000
0.000,0.000,0.000
0.000,0.000,0.000
0.000,0.000,0.000
0.000,0.000,0.000
0.000,0.000,0.000
0.000,0.000,0.000
0.000,0.000,0.000
0.000,0.000,0.000
0.000,0.000,0.000
0.000,0.000,0.000
0.000,0.000,0.000
1.000,1.000,1.000
0.000,0.000,0.000
1.000,1.000,1.000
0.000,0.000,0.000
0.000,0.000,0.000
0.000,0.000,0.000
0.000,0.000,0.000
0.000,0.000,0.000
0.000,0.000,0.000
0.276,0.306,0.326
0.000,0.005,0.013
0.945,1.000,1.000
0.000,0.000,0.000
0.000,0.000,0.000
0.000,0.000,0.000
0.000,0.000,0.000
0.000,0.000,0.000
0.000,0.000,0.000
0.000,0.000,0.000
0.000,0.000,0.000
0.000,0.000,0.000
0.000,0.000,0.000
0.000,0.000,0.000
0.000,0.000,0.000
0.000,0.000,0.000
0.000,0.000,0.000
0.000,0.000,0.000
0.000,0.000,0.000
0.000,0.000,0.000
0.000,0.000,0.000
0.000,0.000,0.000
0.000,0.000,0.000
0.000,0.000,0.000
0.000,0.000,0.000
0.013,0.019,0.027
0.145,0.260,0.316
0.000,0.000,0.000
0.000,0.000,0.000
0.590,0.616,0.625
0.000,0.000,0.000
0.000,0.000,0.000
0.000,0.000,0.000
0.005,0.009,0.014
0.000,0.000,0.000
0.000,0.000,0.000
0.000,0.000,0.000
0.000,0.000,0.000
0.000,0.000,0.000
0.000,0.000,0.000
0.000,0.000,0.000
0.000,0.000,0.000
0.000,0.000,0.000
0.000,0.000,0.000
0.000,0.000,0.000
0.000,0.000,0.000
0.000,0.000,0.000
0.000,0.000,0.000
0.000,0.000,0.000
0.000,0.000,0.000
0.000,0.000,0.000
0.000,0.000,0.000
0.000,0.000,0.000
0.000,0.000,0.000
0.000,0.000,0.000
0.000,0.000,0.000
0.000,0.000,0.000
0.000,0.000,0.000
0.000,0.000,0.000
0.000,0.000,0.000
0.000,0.000,0.000
0.000,0.000,0.000
0.000,0.000,0.000
0.000,0.000,0.000
0.000,0.000,0.000
0.000,0.000,0.000
0.000,0.000,0.000
0.000,0.000,0.000
0.000,0.000,0.000
0.000,0.000,0.000
0.000,0.000,0.000
0.000,0.000,0.000
0.000,0.000,0.000
0.000,0.000,0.000
0.000,0.000,0.000
0.000,0.000,0.000
0.000,0.000,0.000
0.000,0.000,0.000
0.000,0.000,0.000
0.000,0.000,0.000
0.000,0.000,0.000
0.000,0.000,0.000
0.000,0.000,0.000
0.000,0.000,0.000
0.000,0.000,0.000
0.000,0.000,0.000
0.000,0.000,0.000
0.000,0.000,0.000
0.000,0.000,0.000
0.000,0.000,0.000
0.000,0.000,0.000
0.000,0.000,0.000
0.000,0.000,0.000
0.000,0.000,0.000
0.000,0.000,0.000
0.000,0.000,0.000
0.000,0.000,0.000
0.000,0.000,0.000
0.000,0.000,0.000
0.000,0.000,0.000
0.000,0.000,0.000
0.000,0.000,0.000
0.000,0.000,0.000
0.000,0.000,0.000
0.000,0.000,0.000
0.000,0.000,0.000
0.000,0.000,0.000
0.000,0.000,0.000
0.000,0.000,0.000
0.000,0.000,0.000
0.000,0.000,0.000
0.000,0.000,0.000
0.000,0.000,0.000
0.000,0.000,0.000
0.000,0.000,0.000
0.000,0.000,0.000
0.000,0.000,0.000
0.000,0.000,0.000
0.000,0.000,0.000
0.000,0.000,0.000
0.000,0.000,0.000
0.000,0.000,0.000
0.000,0.000,0.000
0.000,0.000,0.000
0.000,0.000,0.000
0.000,0.000,0.000
0.000,0.000,0.000
0.000,0.000,0.000
0.000,0.000,0.000
0.000,0.000,0.000
0.000,0.000,0.000
0.000,0.000,0.000
0.000,0.000,0.000
0.000,0.000,0.000
0.000,0.000,0.000
0.000,0.000,0.000
0.000,0.000,0.000
0.000,0.000,0.000
0.000,0.000,0.000
0.000,0.000,0.000
0.000,0.000,0.000
0.000,0.000,0.000
0.000,0.000,0.000
0.000,0.000,0.000
0.000,0.000,0.000
0.000,0.000,0.000
0.000,0.000,0.000
0.000,0.000,0.000
0.000,0.000,0.000
0.000,0.000,0.000
0.000,0.000,0.000
0.000,0.000,0.000
0.000,0.000,0.000
0.000,0.000,0.000
0.000,0.000,0.000
0.000,0.000,0.000
0.000,0.000,0.000
0.000,0.000,0.000
0.000,0.000,0.000
0.000,0.000,0.000
0.000,0.000,0.000
0.000,0.000,0.000
0.000,0.000,0.000
0.000,0.000,0.000
0.000,0.000,0.000
0.000,0.000,0.000
0.000,0.000,0.000
0.000,0.000,0.000
0.000,0.000,0.000
0.000,0.000,0.000
0.000,0.000,0.000
0.000,0.000,0.000
0.000,0.000,0.000
0.000,0.000,0.000
0.000,0.000,0.000
0.000,0.000,0.000
0.000,0.000,0.000
0.000,0.000,0.000
0.000,0.000,0.000
0.000,0.000,0.000
0.000,0.000,0.000
0.000,0.000,0.000
0.000,0.000,0.000
0.000,0.000,0.000
0.000,0.000,0.000
0.000,0.000,0.000
0.000,0.000,0.000
0.000,0.000,0.000
0.000,0.000,0.000
0.000,0.000,0.000
0.000,0.000,0.000
0.000,0.000,0.000
0.000,0.000,0.000
0.000,0.000,0.000
0.000,0.000,0.000
0.000,0.000,0.000
0.000,0.000,0.000
0.000,0.000,0.000
0.000,0.000,0.000
0.000,0.000,0.000
0.000,0.000,0.000
0.000,0.000,0.000
0.000,0.000,0.000
0.000,0.000,0.000
0.000,0.000,0.000
0.000,0.000,0.000
0.000,0.000,0.000
0.000,0.000,0.000
0.000,0.000,0.000
0.000,0.000,0.000
0.000,0.000,0.000
0.000,0.000,0.000
0.000,0.000,0.000
0.000,0.000,0.000
0.000,0.000,0.000
0.000,0.000,0.000
0.000,0.000,0.000
0.000,0.000,0.000
0.933,1.000,1.000
0.926,1.000,1.000
0.151,0.224,0.228
0.000,0.000,0.000
0.000,0.000,0.000
0.000,0.000,0.000
0.021,0.023,0.025
0.016,0.020,0.031
0.000,0.000,0.000
0.025,0.006,0.015
0.180,0.223,0.233
0.000,0.000,0.000
0.008,0.005,0.007
0.052,0.086,0.101
0.000,0.000,0.000
0.000,0.000,0.000
0.171,0.211,0.221
0.228,0.305,0.332
0.000,0.000,0.000
0.143,0.229,0.292
0.000,0.000,0.000
0.000,0.000,0.000
0.000,0.000,0.000
0.000,0.000,0.000
0.000,0.000,0.000
0.083,0.085,0.117
0.000,0.000,0.000
0.747,0.970,0.985
0.000,0.000,0.000
0.387,0.486,0.512
0.941,0.987,0.997
0.182,0.222,0.246
0.000,0.000,0.000
0.393,0.547,0.647
0.007,0.006,0.007
0.000,0.000,0.000
0.000,0.000,0.000
0.000,0.000,0.000
0.000,0.000,0.000
0.000,0.000,0.000
0.000,0.000,0.000
0.000,0.000,0.000
0.047,0.059,0.065
0.324,0.384,0.408
0.003,0.002,0.003
0.004,0.000,0.002
0.000,0.000,0.000
0.000,0.000,0.000
0.000,0.000,0.000
0.004,0.004,0.006
0.034,0.039,0.043
0.006,0.007,0.010
0.000,0.000,0.000
0.948,0.996,1.000
1.000,1.000,1.000
1.000,1.000,1.000
0.000,0.000,0.000
0.000,0.000,0.000
0.000,0.000,0.000
0.054,0.067,0.081
0.014,0.033,0.040
0.108,0.176,0.189
0.000,0.000,0.000
1.000,1.000,1.000
0.104,0.183,0.245
0.000,0.000,0.000
0.128,0.104,0.118
0.005,0.003,0.003
0.000,0.000,0.000
0.000,0.000,0.000
0.048,0.082,0.120
0.000,0.000,0.000
0.238,0.353,0.412
0.000,0.000,0.000
0.000,0.000,0.000
0.760,0.787,0.780
0.000,0.000,0.000
0.000,0.000,0.000
0.000,0.000,0.000
0.000,0.000,0.000
0.000,0.000,0.000
0.000,0.000,0.000
0.000,0.000,0.000
0.257,0.335,0.361
0.502,0.588,0.608
0.005,0.005,0.006
0.000,0.000,0.000
0.000,0.000,0.000
0.088,0.105,0.113
0.000,0.000,0.000
0.000,0.000,0.000
0.000,0.000,0.000
0.000,0.000,0.000
0.000,0.000,0.000
0.000,0.000,0.000
0.132,0.175,0.191
0.000,0.000,0.000
0.030,0.076,0.100
0.017,0.055,0.080
0.325,0.323,0.325
0.142,0.151,0.154
0.287,0.337,0.359
0.482,0.586,0.605
0.932,0.995,1.000
0.000,0.000,0.000
0.000,0.000,0.000
0.328,0.422,0.442
0.286,0.338,0.360
0.311,0.414,0.473
0.810,0.848,0.845
0.447,0.550,0.585
0.135,0.179,0.219
0.135,0.179,0.219
0.135,0.179,0.219
0.135,0.179,0.219
0.135,0.179,0.219
0.277,0.384,0.411
0.366,0.489,0.543
0.366,0.489,0.543
0.067,0.091,0.114
0.114,0.121,0.124
0.000,0.000,0.000
0.895,0.992,0.998
0.886,0.991,1.000
0.000,0.000,0.000
0.073,0.074,0.077
0.161,0.240,0.268
0.000,0.000,0.000
0.000,0.000,0.000
0.000,0.000,0.000
0.000,0.000,0.000
0.000,0.000,0.000
0.955,1.000,1.000
0.000,0.000,0.000
0.000,0.000,0.000
0.000,0.000,0.000
0.000,0.000,0.000
0.000,0.000,0.000
0.943,0.981,1.000
0.129,0.129,0.242
0.902,0.981,0.981
0.000,0.000,0.000
0.000,0.000,0.000
0.000,0.000,0.000
0.146,0.139,0.149
0.000,0.003,0.006
0.922,1.000,1.000
0.000,0.000,0.000
0.012,0.012,0.015
0.524,0.714,0.773
0.030,0.042,0.055
0.000,0.000,0.000
0.000,0.000,0.000
0.000,0.000,0.000
0.000,0.000,0.000
0.000,0.000,0.000
0.014,0.000,0.010
0.015,0.005,0.008
0.000,0.000,0.000
0.000,0.000,0.000
0.203,0.231,0.284
0.000,0.000,0.000
0.031,0.036,0.040
0.000,0.000,0.000
0.000,0.000,0.000
0.000,0.000,0.000
0.000,0.000,0.000
0.000,0.000,0.000
0.000,0.000,0.000
0.000,0.000,0.000
0.000,0.000,0.000
0.000,0.000,0.000
0.000,0.000,0.000
0.941,0.983,1.000
0.918,0.983,1.000
0.066,0.089,0.100
0.000,0.000,0.000
0.958,1.000,1.000
0.000,0.000,0.000
0.005,0.003,0.003
0.000,0.000,0.000
0.000,0.000,0.000
0.049,0.048,0.060
0.032,0.044,0.045
0.022,0.033,0.046
0.042,0.048,0.064
0.000,0.000,0.000
0.000,0.000,0.000
0.000,0.000,0.000
0.000,0.000,0.000
0.000,0.000,0.000
0.000,0.000,0.000
0.000,0.000,0.000
0.000,0.000,0.000
0.012,0.016,0.017
0.058,0.070,0.084
0.703,0.825,0.878
0.000,0.000,0.000
0.000,0.000,0.000
0.005,0.000,0.002
0.000,0.000,0.000
0.004,0.002,0.002
0.000,0.000,0.000
0.729,0.754,0.768
0.000,0.000,0.000
0.000,0.000,0.000
0.000,0.000,0.000
0.000,0.000,0.000
0.000,0.001,0.001
0.000,0.000,0.000
0.000,0.000,0.000
0.000,0.000,0.000
0.000,0.000,0.000
0.198,0.247,0.275
0.000,0.000,0.000
0.000,0.009,0.014
0.000,0.000,0.000
0.000,0.000,0.000
0.007,0.008,0.018
0.024,0.060,0.091
0.144,0.185,0.187
0.000,0.000,0.000
0.000,0.000,0.000
0.025,0.037,0.046
0.000,0.000,0.000
0.014,0.000,0.010
0.076,0.081,0.097
0.000,0.000,0.000
0.130,0.108,0.108
0.008,0.000,0.006
0.024,0.028,0.031
0.098,0.112,0.128
0.045,0.036,0.041
0.000,0.000,0.000
0.122,0.123,0.137
0.852,0.951,0.971
0.000,0.000,0.000
0.182,0.222,0.222
0.000,0.000,0.000
0.000,0.000,0.000
0.208,0.320,0.361
0.000,0.000,0.000
1.000,1.000,1.000
1.000,1.000,1.000
0.821,0.974,0.997
0.024,0.038,0.044
0.048,0.039,0.042
0.000,0.000,0.000
0.000,0.000,0.000
0.031,0.041,0.044
0.000,0.000,0.000
0.000,0.000,0.000
0.000,0.000,0.000
0.007,0.006,0.008
0.000,0.000,0.000
1.000,1.000,1.000
0.000,0.000,0.000
0.545,0.667,0.720
0.000,0.000,0.000
0.000,0.000,0.000
0.049,0.055,0.064
0.049,0.055,0.064
0.295,0.328,0.351
0.000,0.000,0.000
0.563,0.669,0.683
0.000,0.000,0.000
0.029,0.025,0.027
0.000,0.000,0.000
0.000,0.000,0.000
0.000,0.000,0.000
0.000,0.000,0.000
0.000,0.000,0.000
0.097,0.154,0.220
0.153,0.276,0.354
0.044,0.063,0.077
0.069,0.133,0.188
0.029,0.043,0.074
0.000,0.005,0.004
0.000,0.000,0.000
0.000,0.000,0.000
0.024,0.039,0.057
0.000,0.000,0.000
0.000,0.118,0.118
0.011,0.024,0.037
0.000,0.000,0.000
0.015,0.018,0.022
0.417,0.507,0.514
0.000,0.000,0.000
0.000,0.000,0.000
0.000,0.000,0.000
0.027,0.045,0.067
0.000,0.000,0.000
0.000,0.000,0.000
0.000,0.000,0.000
0.000,0.000,0.000
0.407,0.467,0.483
0.000,0.000,0.000
0.000,0.000,0.000
0.000,0.000,0.000
0.333,0.500,0.500
0.000,0.000,0.000
1.000,1.000,1.000
0.000,0.000,0.000
0.000,0.000,0.000
0.000,0.000,0.000
0.000,0.000,0.000
0.000,0.000,0.000
0.000,0.000,0.000
0.028,0.024,0.025
0.000,0.000,0.000
0.000,0.000,0.000
0.000,0.000,0.000
1.000,1.000,1.000
0.000,0.000,0.000
0.000,0.000,0.000
0.000,0.000,0.000
0.000,0.003,0.008
0.000,0.000,0.000
0.000,0.000,0.000
0.000,0.000,0.000
0.000,0.000,0.000
0.967,1.000,1.000
0.000,0.000,0.000
0.000,0.000,0.000
0.000,0.000,0.000
0.000,0.000,0.000
0.000,0.000,0.000
0.000,0.000,0.000
0.903,0.991,1.000
0.947,1.000,1.000
0.025,0.019,0.017
0.000,0.000,0.000
0.000,0.000,0.000
0.000,0.000,0.000
0.000,0.000,0.000
0.000,0.000,0.000
0.000,0.000,0.000
0.000,0.000,0.000
0.036,0.031,0.034
0.000,0.000,0.000
0.000,0.000,0.000
0.000,0.000,0.000
0.000,0.000,0.000
0.000,0.000,0.000
0.029,0.000,0.024
0.184,0.250,0.262
0.184,0.250,0.262
0.075,0.067,0.089
0.000,0.000,0.000
0.000,0.000,0.000
1.000,1.000,1.000
0.000,0.000,0.000
0.013,0.025,0.031
0.000,0.000,0.000
0.000,0.000,0.000
0.926,1.000,1.000
0.000,0.000,0.000
0.000,0.000,0.000
0.000,0.000,0.000
0.000,0.000,0.000
0.000,0.000,0.000
0.000,0.000,0.000
0.009,0.005,0.005
0.000,0.000,0.000
0.000,0.000,0.000
0.000,0.000,0.000
0.000,0.000,0.000
0.000,0.000,0.000
0.000,0.000,0.000
0.000,0.000,0.000
0.000,0.000,0.000
0.133,0.286,0.400
0.000,0.000,0.000
0.000,0.000,0.000
0.000,0.000,0.000
0.005,0.012,0.019
0.006,0.012,0.018
0.000,0.000,0.000
0.015,0.023,0.034
0.000,0.000,0.000
0.000,0.000,0.000
0.037,0.036,0.042
0.000,0.000,0.000
0.000,0.000,0.000
0.000,0.000,0.000
0.119,0.196,0.223
0.000,0.000,0.000
0.281,0.351,0.369
0.000,0.000,0.000
0.084,0.074,0.073
0.031,0.030,0.027
0.998,1.000,1.000
0.009,0.011,0.015
0.000,0.000,0.000
0.000,0.000,0.000
0.209,0.179,0.174
0.022,0.033,0.045
0.020,0.023,0.027
0.000,0.000,0.000
0.033,0.050,0.045
0.000,0.000,0.000
0.000,0.000,0.000
0.106,0.135,0.170
1.000,1.000,1.000
0.782,0.826,0.824
0.000,0.000,0.000
0.000,0.000,0.000
0.848,0.926,0.949
0.970,1.000,1.000
0.000,0.000,0.000
0.000,0.000,0.000
0.000,0.000,0.000
1.000,1.000,1.000
0.000,0.000,0.000
0.567,0.608,0.631
0.000,0.000,0.000
1.000,1.000,1.000
0.000,0.000,0.000
0.067,0.092,0.104
0.000,0.000,0.000
0.123,0.128,0.119
1.000,1.000,1.000
0.000,0.000,0.000
0.013,0.012,0.015
0.013,0.012,0.015
0.000,0.000,0.000
0.000,0.000,0.000
0.000,0.000,0.000
0.000,0.000,0.000
0.000,0.000,0.000
0.000,0.000,0.000
0.023,0.000,0.015
0.000,0.000,0.000
0.000,0.000,0.000
0.000,0.000,0.000
0.000,0.000,0.000
1.000,1.000,1.000
0.000,0.000,0.000
0.000,0.000,0.000
0.047,0.056,0.056
0.000,0.000,0.000
0.000,0.000,0.000
0.000,0.000,0.000
0.000,0.000,0.000
0.000,0.000,0.000
0.938,0.989,0.989
0.000,0.000,0.000
0.000,0.000,0.000
0.000,0.000,0.000
0.500,0.706,0.722
0.016,0.015,0.015
0.000,0.000,0.000
0.000,0.000,0.000
0.000,0.000,0.000
0.317,0.332,0.351
0.003,0.004,0.006
0.076,0.067,0.071
0.010,0.006,0.005
0.012,0.007,0.006
0.000,0.000,0.000
0.000,0.000,0.000
0.000,0.000,0.000
0.040,0.030,0.032
0.000,0.000,0.000
0.000,0.000,0.000
0.035,0.035,0.037
0.000,0.000,0.000
0.707,0.835,0.894
0.000,0.000,0.000
0.000,0.000,0.000
0.014,0.027,0.041
0.000,0.000,0.000
0.000,0.000,0.000
0.116,0.145,0.173
0.018,0.020,0.022
0.018,0.019,0.022
0.060,0.086,0.098
0.000,0.000,0.000
0.000,0.000,0.000
0.000,0.000,0.000
0.147,0.153,0.151
0.053,0.056,0.058
0.899,0.995,1.000
0.000,0.000,0.000
0.000,0.000,0.000
0.000,0.000,0.000
0.167,0.256,0.300
0.007,0.000,0.004
0.000,0.000,0.000
0.143,0.308,0.308
0.949,0.958,0.959
0.000,0.000,0.000
0.944,1.000,1.000
0.000,0.000,0.000
0.430,0.500,0.500
0.187,0.238,0.256
1.000,1.000,1.000
0.000,0.000,0.000
0.020,0.027,0.038
0.018,0.026,0.039
0.000,0.000,0.000
0.000,0.000,0.000
0.000,0.000,0.000
0.063,0.071,0.082
0.738,0.785,0.788
0.000,0.000,0.000
0.000,0.000,0.000
0.000,0.000,0.000
0.000,0.000,0.000
0.422,0.446,0.455
0.923,1.000,1.000
0.000,0.000,0.000
0.000,0.000,0.000
0.000,0.000,0.000
0.000,0.000,0.000
0.000,0.000,0.000
0.000,0.000,0.000
0.000,0.000,0.000
0.933,1.000,1.000
0.076,0.067,0.074
0.000,0.000,0.000
0.015,0.030,0.040
0.000,0.000,0.000
0.000,0.000,0.000
0.000,0.000,0.000
0.000,0.000,0.000
0.000,0.000,0.000
0.000,0.000,0.000
0.000,0.000,0.000
0.000,0.000,0.000
0.070,0.111,0.155
0.000,0.000,0.000
0.043,0.078,0.115
0.001,0.001,0.002
0.000,0.000,0.000
0.000,0.000,0.000
0.045,0.059,0.065
0.000,0.000,0.000
0.000,0.000,0.000
0.895,0.975,0.985
0.029,0.057,0.077
0.091,0.095,0.182
0.960,0.998,1.000
0.461,0.519,0.530
0.000,0.000,0.000
0.085,0.131,0.156
0.000,0.000,0.000
0.000,0.000,0.000
0.000,0.000,0.000
0.205,0.289,0.323
0.000,0.000,0.000
0.500,0.558,0.567
0.028,0.039,0.052
0.000,0.000,0.000
0.028,0.017,0.021
0.018,0.016,0.019
0.008,0.017,0.018
0.000,0.000,0.000
0.000,0.000,0.000
1.000,1.000,1.000
0.110,0.120,0.144
0.000,0.000,0.000
0.008,0.008,0.010
0.051,0.058,0.060
0.051,0.058,0.060
0.225,0.210,0.220
0.000,0.000,0.000
0.000,0.000,0.000
0.000,0.000,0.000
0.000,0.000,0.000
0.000,0.000,0.000
0.029,0.025,0.028
0.000,0.000,0.000
0.000,0.000,0.000
0.000,0.000,0.000
1.000,1.000,1.000
0.000,0.000,0.000
0.000,0.000,0.000
0.000,0.000,0.000
0.000,0.000,0.000
0.000,0.000,0.000
0.908,1.000,1.000
0.000,0.000,0.000
0.000,0.000,0.000
0.000,0.000,0.000
0.000,0.000,0.000
0.000,0.000,0.000
0.000,0.000,0.000
0.000,0.000,0.000
0.000,0.000,0.000
0.000,0.000,0.000
0.000,0.000,0.000
0.000,0.000,0.000
0.000,0.000,0.000
0.000,0.000,0.000
0.000,0.000,0.000
0.000,0.000,0.000
0.000,0.000,0.000
0.000,0.000,0.000
0.000,0.000,0.000
0.000,0.000,0.000
0.000,0.000,0.000
0.000,0.000,0.000
0.205,0.255,0.293
0.000,0.000,0.000
0.000,0.000,0.000
0.967,1.000,1.000
0.000,0.000,0.000
0.968,0.996,1.000
0.000,0.000,0.000
0.000,0.000,0.000
0.000,0.000,0.000
0.000,0.000,0.000
0.000,0.000,0.000
0.000,0.000,0.000
0.944,1.000,1.000
0.914,1.000,1.000
0.937,1.000,1.000
0.882,0.990,1.000
0.882,0.990,1.000
0.000,0.000,0.000
0.000,0.001,0.002
0.000,0.001,0.002
1.000,1.000,1.000
0.000,0.000,0.000
0.000,0.000,0.000
0.000,0.000,0.000
0.000,0.000,0.000
0.000,0.000,0.000
0.000,0.000,0.000
0.000,0.000,0.000
0.000,0.000,0.000
0.940,1.000,1.000
0.011,0.003,0.010
0.000,0.000,0.000
0.000,0.000,0.000
0.000,0.000,0.000
0.000,0.000,0.000
0.000,0.000,0.000
0.000,0.000,0.000
0.000,0.000,0.000
0.000,0.000,0.000
0.000,0.000,0.000
0.000,0.000,0.000
0.000,0.000,0.000
0.000,0.000,0.000
0.000,0.000,0.000
0.000,0.000,0.000
0.000,0.000,0.000
0.200,0.250,0.250
0.000,0.000,0.000
0.115,0.136,0.136
0.000,0.000,0.000
0.000,0.000,0.000
0.000,0.000,0.000
0.000,0.057,0.107
0.000,0.000,0.000
0.000,0.000,0.000
0.167,0.211,0.211
0.000,0.000,0.000
0.000,0.000,0.000
0.000,0.000,0.000
0.000,0.000,0.000
0.000,0.000,0.000
0.194,0.242,0.242
0.000,0.000,0.000
0.150,0.186,0.186
0.000,0.000,0.000
0.018,0.062,0.116
0.000,0.000,0.000
0.115,0.148,0.148
0.000,0.000,0.000
0.000,0.000,0.000
0.125,0.145,0.143
0.000,0.000,0.000
0.125,0.154,0.154
0.000,0.000,0.000
0.000,0.000,0.000
0.000,0.000,0.000
0.000,0.000,0.000
0.941,1.000,1.000
0.821,0.953,0.978
0.021,0.021,0.020
0.000,0.000,0.000
0.000,0.000,0.000
0.000,0.000,0.000
0.000,0.000,0.000
0.000,0.000,0.000
0.000,0.000,0.000
0.000,0.000,0.000
0.146,0.182,0.182
0.000,0.000,0.000
0.000,0.000,0.000
0.000,0.000,0.000
0.000,0.000,0.000
0.000,0.000,0.000
0.163,0.254,0.258
0.000,0.000,0.000
0.000,0.000,0.000
0.027,0.120,0.141
0.080,0.080,0.080
0.000,0.000,0.000
0.000,0.080,0.148
0.000,0.000,0.000
0.000,0.000,0.000
0.000,0.000,0.000
0.036,0.032,0.031
0.061,0.073,0.071
0.136,0.157,0.157
0.000,0.000,0.000
0.000,0.058,0.075
0.978,1.000,1.000
0.000,0.000,0.000
0.000,0.000,0.000
0.000,0.000,0.000
0.857,0.946,0.974
0.000,0.000,0.000
0.000,0.000,0.000
0.109,0.153,0.189
0.079,0.113,0.111
0.000,0.000,0.000
0.000,0.000,0.000
0.068,0.073,0.071
0.022,0.029,0.028
0.425,0.452,0.452
0.000,0.000,0.000
0.000,0.098,0.186
0.000,0.000,0.000
0.000,0.000,0.000
0.000,0.000,0.000
0.000,0.000,0.000
0.000,0.000,0.000
0.000,0.000,0.000
0.000,0.000,0.000
0.000,0.000,0.000
0.000,0.000,0.000
0.000,0.000,0.000
0.150,0.182,0.178
0.000,0.000,0.000
0.000,0.000,0.000
0.200,0.250,0.250
0.000,0.000,0.000
0.000,0.000,0.000
0.000,0.000,0.000
0.000,0.000,0.000
0.000,0.000,0.000
0.000,0.000,0.000
0.136,0.167,0.163
0.000,0.000,0.000
0.000,0.000,0.000
0.000,0.000,0.000
0.000,0.000,0.000
1.000,1.000,1.000
0.000,0.000,0.000
0.000,0.000,0.000
0.000,0.000,0.000
0.000,0.000,0.000
0.000,0.000,0.000
0.000,0.000,0.000
0.000,0.136,0.136
0.000,0.000,0.000
0.113,0.133,0.127
0.000,0.000,0.000
0.900,0.971,0.991
0.050,0.092,0.134
0.000,0.000,0.000
0.000,0.000,0.000
0.053,0.054,0.052
0.000,0.000,0.000
0.000,0.000,0.000
0.000,0.000,0.000
0.000,0.000,0.000
0.000,0.000,0.000
0.091,0.103,0.125
0.000,0.000,0.000
0.000,0.000,0.000
0.000,0.000,0.000
0.467,0.500,0.500
0.048,0.056,0.055
0.000,0.000,0.000
0.000,0.000,0.000
0.000,0.000,0.000
0.000,0.000,0.000
0.000,0.000,0.000
0.023,0.042,0.042
0.000,0.000,0.000
0.000,0.000,0.000
0.000,0.000,0.000
0.865,0.967,0.984
0.000,0.000,0.000
0.000,0.000,0.000
0.000,0.000,0.000
0.000,0.000,0.000
0.154,0.174,0.174
0.051,0.072,0.070
0.000,0.000,0.000
0.000,0.000,0.000
0.000,0.000,0.000
0.000,0.000,0.000
0.200,0.250,0.250
0.000,0.000,0.000
0.000,0.000,0.000
0.030,0.035,0.033
0.000,0.000,0.000
0.000,0.000,0.000
0.000,0.000,0.000
0.000,0.000,0.000
0.102,0.123,0.123
0.000,0.000,0.000
0.113,0.138,0.138
0.000,0.000,0.000
0.000,0.000,0.000
0.000,0.000,0.000
0.000,0.000,0.000
0.000,0.000,0.000
0.000,0.000,0.000
0.000,0.000,0.000
0.000,0.000,0.000
0.000,0.000,0.000
0.000,0.000,0.000
0.055,0.063,0.062
0.969,1.000,1.000
0.000,0.000,0.000
0.000,0.000,0.000
0.000,0.000,0.000
0.000,0.000,0.000
0.140,0.174,0.174
0.000,0.000,0.000
0.000,0.000,0.000
0.000,0.000,0.000
0.000,0.000,0.000
0.000,0.000,0.000
0.000,0.000,0.000
0.000,0.000,0.000
0.000,0.000,0.000
0.000,0.000,0.000
0.000,0.000,0.000
0.000,0.000,0.000
0.000,0.000,0.000
0.000,0.000,0.000
0.000,0.000,0.000
0.000,0.000,0.000
0.000,0.000,0.000
0.076,0.088,0.099
0.000,0.000,0.000
0.000,0.000,0.000
0.000,0.000,0.000
0.000,0.000,0.000
0.000,0.000,0.000
0.000,0.000,0.000
0.000,0.000,0.000
0.056,0.071,0.070
0.000,0.000,0.000
0.000,0.000,0.000
0.000,0.000,0.000
0.000,0.000,0.000
0.000,0.000,0.000
0.000,0.000,0.000
0.000,0.000,0.000
0.000,0.000,0.000
1.000,1.000,1.000
0.000,0.000,0.000
0.000,0.000,0.000
0.000,0.000,0.000
0.085,0.093,0.092
0.375,0.562,0.627
0.000,0.000,0.000
0.000,0.000,0.000
0.000,0.000,0.000
0.000,0.000,0.000
0.140,0.178,0.178
0.000,0.000,0.000
0.000,0.000,0.000
0.000,0.022,0.021
0.000,0.000,0.000
0.000,0.000,0.000
0.000,0.000,0.000
0.000,0.000,0.000
0.030,0.030,0.029
0.000,0.000,0.000
0.000,0.000,0.000
0.146,0.174,0.174
0.865,0.944,0.982
0.879,0.952,0.984
0.000,0.000,0.000
0.000,0.000,0.000
0.000,0.000,0.000
0.000,0.000,0.000
0.000,0.000,0.000
0.000,0.000,0.000
0.000,0.000,0.000
0.000,0.000,0.000
0.000,0.000,0.000
0.000,0.000,0.000
0.000,0.000,0.000
0.111,0.123,0.121
0.082,0.096,0.094
0.089,0.129,0.129
0.030,0.026,0.026
0.000,0.000,0.000
0.872,0.980,1.000
0.000,0.000,0.000
0.000,0.000,0.000
0.000,0.000,0.000
0.000,0.000,0.000
0.000,0.000,0.000
0.000,0.000,0.000
0.000,0.000,0.000
0.000,0.000,0.000
0.000,0.000,0.000
0.000,0.000,0.000
0.000,0.000,0.000
0.019,0.021,0.019
0.000,0.000,0.000
0.200,0.250,0.250
0.000,0.000,0.000
0.125,0.151,0.151
0.091,0.104,0.109
0.000,0.000,0.000
0.000,0.000,0.000
0.171,0.205,0.205
0.000,0.000,0.000
0.029,0.034,0.034
0.000,0.000,0.000
0.000,0.000,0.000
0.154,0.195,0.195
0.000,0.000,0.000
0.000,0.000,0.000
0.000,0.000,0.000
0.941,1.000,1.000
0.000,0.000,0.000
0.041,0.048,0.045
0.000,0.000,0.000
0.002,0.006,0.009
0.002,0.006,0.009
0.000,0.000,0.000
0.000,0.000,0.000
0.000,0.000,0.000
0.000,0.000,0.000
0.000,0.000,0.000
0.000,0.000,0.000
0.000,0.000,0.000
0.103,0.077,0.089
0.000,0.000,0.000
0.000,0.000,0.000
0.004,0.004,0.005
0.000,0.000,0.000
0.052,0.087,0.088
0.000,0.000,0.000
0.004,0.002,0.002
0.004,0.002,0.002
0.000,0.000,0.000
0.008,0.007,0.008
0.010,0.009,0.012
0.000,0.000,0.000
0.000,0.000,0.000
0.000,0.000,0.000
0.000,0.000,0.000
0.000,0.000,0.000
0.049,0.047,0.050
0.000,0.000,0.000
0.000,0.000,0.000
0.000,0.000,0.000
0.007,0.017,0.023
0.000,0.000,0.000
0.003,0.003,0.004
0.015,0.019,0.026
0.000,0.000,0.000
0.000,0.000,0.000
0.000,0.000,0.000
0.000,0.000,0.000
0.000,0.000,0.000
0.000,0.000,0.000
0.000,0.000,0.000
0.000,0.000,0.000
0.970,0.997,1.000
0.000,0.000,0.000
0.366,0.420,0.473
0.327,0.383,0.423
0.000,0.000,0.000
0.894,0.988,1.000
0.010,0.009,0.011
0.000,0.000,0.000
0.000,0.000,0.000
0.894,0.988,1.000
0.983,0.999,1.000
0.000,0.000,0.000
0.010,0.012,0.015
0.000,0.000,0.000
0.000,0.000,0.000
0.053,0.054,0.062
0.064,0.076,0.089
0.036,0.038,0.042
0.000,0.000,0.000
0.000,0.000,0.000
0.066,0.101,0.119
0.025,0.042,0.045
0.026,0.028,0.033
0.000,0.000,0.000
0.000,0.000,0.000
0.000,0.000,0.000
0.000,0.000,0.000
0.232,0.263,0.275
0.000,0.000,0.000
0.000,0.000,0.000
0.000,0.000,0.000
0.000,0.000,0.000
0.115,0.125,0.125
0.115,0.125,0.125
0.115,0.125,0.125
0.115,0.125,0.125
0.115,0.125,0.125
0.115,0.125,0.125
0.986,1.000,1.000
1.000,1.000,1.000
0.017,0.000,0.011
0.000,0.000,0.000
1.000,1.000,1.000
0.000,0.000,0.000
0.182,0.238,0.251
0.041,0.046,0.047
0.000,0.000,0.000
1.000,1.000,1.000
0.000,0.000,0.000
0.000,0.000,0.000
0.075,0.217,0.287
0.000,0.000,0.000
0.118,0.250,0.353
0.000,0.000,0.000
0.000,0.000,0.000
0.000,0.000,0.000
0.000,0.000,0.000
