time
1393
4065
0
6
986
6
0
147
0
3
41
1851
6
732
287
0
63
11
25
3
986
0
986
6
0
2415
190
1408
1851
95
0
0
0
0
1
0
0
1585
1585
0
0
1
1851
1
0
0
0
0
0
0
0
0
6
2415
0
1148
444
0
0
1851
0
0
0
0
1801
0
0
0
18
1
2
589
2
0
0
0
0
212
0
212
1357
0
212
0
0
212
0
212
0
212
0
0
212
1
0
212
2415
0
0
0
0
755
2
0
6
34
0
0
0
0
0
0
212
0
212
0
212
0
212
0
212
0
1328
0
212
0
212
0
3
0
0
0
0
0
1
0
0
0
0
0
3
0
0
0
0
0
0
0
0
3
0
0
0
0
0
0
0
0
0
0
0
0
0
8
0
9
0
189
87
74
0
0
0
3
3
3
3
0
8
0
0
0
0
0
0
0
0
970
970
958
4
0
8
0
0
0
0
958
0
0
8
969
969
3546
958
970
970
0
1
1
33
1
0
1
0
1
1
1
958
1
0
0
0
11
0
0
0
1
1
0
1
11
1
0
1
0
1
1
0
0
11
0
0
0
11
0
0
72
0
0
1
0
0
0
0
0
241
78
43
0
11
2
0
11
102
1
43
0
0
2
5
0
0
0
0
304
1
0
78
1
10
0
78
0
0
0
0
11
78
159
90
0
104
0
11
1
0
11
4
0
7
0
11
826
0
11
24
0
8
0
4
1775
1064
973
0
0
0
9
0
323
0
41
0
1
284
0
22
0
0
218
0
218
0
218
0
1
0
0
1
11
0
0
11
0
11
138
0
0
0
11
165
0
0
159
0
0
15
0
3
11
1
0
0
0
778
778
0
0
4
826
7
826
0
0
1
11
1
744
3
11
0
0
10
0
303
11
698
11
11
11
11
11
174
11
11
0
0
11
11
0
11
11
11
0
11
11
11
11
0
11
0
826
11
0
0
11
0
0
138
87
0
247
11
0
3
85
5
11
0
11
11
11
0
1910
1092
2213
0
0
0
0
0
136
0
7
1506
0
113
0
0
0
0
0
73
0
7
0
0
0
11
0
0
96
0
0
0
0
3
0
540
0
0
0
0
11
0
0
0
11
0
540
0
0
0
0
13
0
0
0
0
0
0
0
33
0
0
0
0
1171
0
4
0
0
0
0
4
0
0
345
0
0
0
0
0
0
214
0
0
0
2
0
0
0
42
0
0
0
0
0
0
2
0
0
0
0
0
0
0
0
0
0
0
0
0
0
0
0
0
0
0
11
0
0
0
0
0
0
0
0
0
0
0
0
0
0
0
0
0
0
0
0
1
0
0
0
1
0
568
0
2
0
1
0
0
0
0
1
1
0
0
1
0
11
11
11
11
11
1
11
11
11
0
11
11
11
1
11
11
11
385
0
0
0
0
1
73
4
57
0
0
0
2
0
1
0
0
0
1
0
0
1
11
0
11
11
0
190
0
12
11
0
0
0
11
143
0
0
0
0
0
2058
0
0
0
0
0
0
0
0
0
0
0
225
0
0
0
1
2058
0
11
0
0
0
358
1794
1794
1794
0
0
0
0
476
0
0
0
0
0
0
0
958
0
191
0
0
0
0
1
0
1801
0
0
1
0
174
357
0
182
1
0
0
312
0
0
0
0
0
694
0
2
0
7
140
7
46
0
1
7
0
0
46
1
0
0
0
0
0
0
0
0
2
0
0
0
0
0
0
0
0
0
0
0
1275
0
0
0
0
0
0
0
0
0
0
0
0
0
4
0
0
1
0
0
0
0
0
0
2171
11
0
0
0
0
0
0
0
0
0
0
0
0
0
0
204
0
0
0
0
0
0
2
0
95
0
368
0
1103
0
1171
0
0
1
0
316
0
0
0
0
0
0
0
0
0
0
0
0
0
3
3
0
1
0
55
0
0
0
377
116
116
893
0
81
0
1096
83
0
0
1
11
0
0
4
3
0
316
6
8
273
0
2
0
189
0
1
0
316
0
0
316
0
0
0
0
76
0
286
77
11
0
9
8
0
0
0
0
0
0
109
0
0
0
0
0
12
12
0
0
0
0
2
0
7
879
0
0
0
0
1779
178
189
551
14
0
119
470
8
0
1
1779
11
11
11
2
8
1
1
0
0
3
72
0
1779
706
0
0
0
366
773
478
0
8
521
0
773
681
27
614
0
773
365
564
810
0
773
0
292
0
1
0
727
0
814
2
0
437
773
0
1
526
0
0
0
801
0
775
0
382
773
774
0
810
155
0
429
790
814
1
437
30
0
811
773
704
0
0
601
0
365
0
806
0
774
0
773
0
620
1
511
762
521
669
365
0
0
0
0
0
0
0
0
0
0
65
11
7
0
0
0
0
7
0
21
4
0
0
0
0
318
1
7
0
190
0
0
1533
5
0
11
1099
352
0
0
0
5
1
0
0
22
1
0
0
1099
24
248
0
248
1099
111
0
11
0
11
1
0
11
1
0
0
0
0
0
0
129
0
0
0
0
0
1191
0
0
0
203
1779
0
1
0
0
0
0
841
0
0
0
0
0
0
0
2
149
1
0
0
0
1
0
0
0
0
1339
8
1
9
0
0
452
0
0
7
0
0
1070
0
0
0
0
0
0
0
248
452
0
1
0
7
0
0
2
0
12
0
183
0
0
1
0
1779
0
0
0
8
0
0
0
0
0
28
0
0
0
0
0
0
1
0
0
0
0
0
181
0
0
0
0
0
0
1779
444
0
0
0
1
2130
525
13
0
41
18
0
4
11
0
3
103
75
0
0
1
0
0
0
4
0
0
2
0
0
1
59
136
2
0
2
0
0
0
0
0
8
0
0
0
0
0
0
136
0
0
2
2
1
0
0
0
0
0
0
0
0
0
0
0
0
1
0
1
0
0
0
0
0
0
11
0
2083
0
190
0
0
1
1
11
3
0
2
0
0
0
0
0
0
0
2
0
0
3
0
0
0
0
0
0
0
0
0
0
0
0
0
38
1
1
0
0
0
0
0
0
0
58
0
1
114
3573
227
12
0
0
4
0
0
0
0
2
0
0
53
0
0
32
0
1
143
0
2
0
0
0
0
0
0
1
0
0
0
0
1779
11
1
0
1
0
1
0
727
0
0
2
1
0
88
0
0
0
410
1
0
11
0
108
0
13
292
0
1
116
88
88
0
209
0
0
0
0
7
0
0
0
0
1
0
4
46
11
0
0
0
0
0
0
0
230
0
0
1549
1
1435
7
46
46
0
0
0
0
0
0
0
0
0
0
1
17
69
69
46
0
0
1
1
0
3
2
2
2
0
3
0
0
0
11
1461
1
0
581
0
0
0
1
0
0
0
0
0
0
59
0
2
0
3
0
0
0
0
11
1
4
0
0
2
1
1
266
1
0
0
0
0
1
0
1
0
0
0
0
581
0
0
1461
581
0
266
4
0
2
0
2
0
0
1461
0
0
255
0
0
0
0
0
0
0
0
0
0
0
0
0
0
22
0
0
1
0
0
118
158
16
0
11
1779
0
0
2
1
0
0
0
0
158
13
0
0
158
16
0
0
11
0
0
0
0
0
0
0
0
0
2
52
11
1102
0
0
0
0
338
94
0
0
0
0
0
1255
0
0
0
0
44
0
0
0
0
0
0
0
0
0
0
44
0
11
0
395
0
0
248
0
0
0
2
248
0
0
1777
0
0
0
0
0
2
0
0
0
0
0
0
0
0
0
19
19
0
0
0
248
0
0
0
2
2
0
0
0
0
0
0
0
0
0
0
0
0
0
0
0
0
0
0
0
0
0
0
0
0
0
0
0
0
0
2
0
2
2
0
248
0
26
470
0
1
0
0
1
26
0
0
0
0
0
0
1
26
0
0
26
26
0
26
0
0
0
0
0
87
0
0
0
0
0
4
0
0
0
0
12
0
0
12
634
0
0
0
9
0
8
0
0
675
11
0
0
0
3
11
0
0
0
3
1
1
1
0
0
0
0
0
0
0
0
0
0
1
0
0
0
0
1
0
0
0
0
0
0
0
0
0
0
0
0
0
0
0
0
1
0
10
0
1
1
1
0
0
0
0
0
0
0
7
0
0
1
0
0
1
1
333
0
0
0
1
0
1
1
0
0
0
0
0
4
1
0
0
0
0
0
0
0
0
0
0
0
806
806
0
0
0
0
0
0
0
0
2
0
9
0
0
9
0
825
1
9
0
0
0
0
0
0
0
0
9
0
9
9
0
0
0
0
59
0
5
9
11
304
0
0
0
0
0
0
11
0
1884
0
80
0
0
0
0
0
5
0
0
72
0
167
7
0
0
0
0
45
317
22
138
25
2
290
11
50
17
0
2
0
0
0
87
87
87
87
0
0
2
1
11
0
0
788
56
0
0
1
0
0
0
0
0
0
0
0
0
0
0
2
25
3
0
0
0
0
7
7
0
0
0
0
0
0
0
0
0
0
0
0
0
0
0
0
0
0
0
0
0
0
0
0
0
0
2
0
0
0
0
0
0
0
0
0
0
0
0
0
0
0
0
0
0
0
9
0
0
0
0
0
0
7
0
0
0
0
0
0
480
480
480
0
0
0
0
0
11
1
0
0
0
1
0
30
0
0
0
0
55
0
0
1052
153
0
844
0
0
0
0
1
0
0
0
0
0
3
0
1
0
0
0
1
1410
0
299
1
63
63
63
63
0
3
0
0
0
0
1
15
81
130
162
0
0
0
0
0
0
0
0
0
0
0
0
0
0
0
0
1
0
50
50
0
50
0
50
82
50
4
0
177
0
3
0
515
0
0
0
1
131
0
0
312
0
11
11
0
0
190
0
190
1
0
136
1
0
190
190
190
131
190
0
1
0
190
190
9
2
0
2
7
0
0
0
0
0
0
2
0
0
0
0
2
0
0
0
0
0
0
0
0
0
0
2
0
2
2
0
0
0
0
0
0
0
0
0
0
0
0
0
0
0
0
0
0
0
0
0
0
0
0
336
0
0
0
0
2
0
0
2
0
0
0
0
0
0
0
0
0
0
0
0
0
0
5
2
1
11
0
0
0
0
0
0
582
10
0
0
9
0
2
0
0
0
0
0
16
289
69
0
248
8
0
0
1
1
23
1
0
0
49
0
11
2
0
0
2
0
0
0
0
0
1
14
0
0
0
207
0
0
0
0
1
207
0
104
0
0
0
207
0
208
0
1947
0
0
9
0
0
0
0
1
0
36
0
0
0
0
786
0
146
0
0
123
355
0
0
0
0
0
0
18
0
0
826
0
0
0
0
0
0
79
0
0
0
826
0
0
4
0
0
0
0
0
0
0
0
0
0
0
0
0
0
0
0
0
0
0
0
0
0
0
0
0
0
0
0
0
0
0
0
0
0
186
355
452
0
1962
11
0
423
423
0
0
79
0
0
0
6
0
0
2126
0
116
1392
0
0
434
11
85
5
68
267
0
0
0
11
0
0
0
0
0
0
0
826
0
0
0
826
0
0
27
12
0
0
826
0
0
0
0
0
0
0
1
0
0
0
14
2
3
0
0
0
0
0
0
0
0
0
0
0
0
0
0
0
0
0
0
0
0
0
0
0
0
1
1
1
0
1
0
0
0
4
0
0
32
0
0
0
0
0
0
0
0
0
0
0
0
0
0
0
0
1
1
0
1
0
0
0
0
0
7
0
0
0
8
0
454
0
1779
0
0
0
0
0
0
0
0
0
0
0
0
0
17
17
490
0
0
0
0
0
0
380
1
0
0
1
1
0
1
2427
0
0
0
0
0
0
0
0
0
0
0
0
0
0
0
0
0
0
0
0
0
0
0
0
0
0
0
0
0
0
0
0
0
0
0
0
0
0
0
0
0
0
0
0
0
0
0
0
0
0
0
0
0
0
0
0
0
0
0
0
349
0
0
0
0
0
0
3
0
0
0
0
0
0
0
0
0
0
0
0
0
0
0
0
8
0
136
656
2
1
656
2
0
0
3
0
0
0
0
0
2
8
0
7
148
0
2235
18
261
0
0
3
7
656
2
0
0
2
261
794
1
0
0
0
765
3
3
3
0
0
0
0
261
796
0
261
3
0
73
261
11
8
0
0
18
4
0
0
641
0
0
192
2
0
2
2
0
0
77
0
0
0
0
0
0
0
5
0
17
0
1
0
0
0
641
0
0
0
0
0
0
0
0
0
0
0
0
0
11
0
1779
0
0
1
11
25
0
0
0
0
0
0
266
0
0
0
0
0
0
0
0
1
0
0
0
0
0
0
0
0
0
0
11
0
0
0
0
0
0
0
0
0
11
0
0
385
0
0
0
0
3
0
0
0
3
0
3
3
0
0
1
45
1
0
3
0
0
11
45
0
3
0
45
1586
1586
1
1
3
0
0
3
0
0
1
0
0
45
297
0
2
1
11
0
11
58
0
1
0
0
0
1
0
0
0
33
0
2
0
0
0
0
209
433
0
0
11
433
0
209
0
0
0
44
1
0
0
33
11
11
28
28
11
2
0
0
0
0
2
2
2
66
66
284
0
10
58
0
0
262
0
0
0
0
0
58
0
0
0
0
0
0
0
0
0
0
0
0
0
0
0
0
0
0
0
4
635
0
0
0
3
0
9
635
493
635
826
6
0
0
0
0
0
826
0
6
0
9
4
539
635
53
0
0
0
142
0
0
16
1
0
539
1
0
0
0
0
4
0
0
128
0
0
0
114
0
0
0
826
67
0
0
0
0
0
11
11
0
1
0
0
0
0
0
0
0
0
0
0
11
2
0
0
0
0
0
1
1
0
0
0
6
0
11
13
135
7
7
7
0
278
0
0
0
0
0
0
0
0
7
0
0
7
905
0
0
0
0
0
0
7
7
46
0
0
7
259
0
14
0
0
23
0
0
0
0
0
7
0
0
0
7
19
71
0
0
1
287
1
0
1
0
0
0
11
0
11
11
0
0
0
1
0
0
0
0
0
0
367
0
0
1
1089
0
0
7
0
0
9
284
0
2
11
0
207
3
1
9
248
15
3
0
0
0
0
127
0
0
0
0
0
0
0
0
0
0
0
0
0
0
0
11
0
0
0
206
0
0
0
0
0
0
0
0
0
0
0
0
24
0
0
0
206
8
0
0
3
0
0
0
0
153
0
0
0
0
0
0
0
0
1
0
0
0
1581
0
0
0
0
142
9
0
0
1574
54
0
6
56
14
1
0
0
0
0
0
0
0
3
0
0
0
0
1056
0
0
0
0
0
0
0
0
0
0
0
0
0
0
0
0
0
0
0
0
0
0
0
0
4
249
0
0
0
0
10
0
0
0
0
0
0
31
0
38
714
0
0
0
0
0
248
0
2
0
1
0
8
8
8
5
0
72
11
8
190
8
8
0
1
0
190
0
0
8
8
8
0
8
8
8
8
0
8
0
0
8
0
0
0
0
1
0
0
304
0
11
0
0
0
0
11
37
4
3
4
0
303
0
422
11
0
2
84
0
0
0
0
0
0
1
130
0
0
0
77
0
0
6
6
0
1
0
17
2
0
130
3
0
48
0
207
0
722
0
0
48
0
0
0
1
0
0
25
0
0
0
1
54
1
0
8
0
9
136
0
571
0
7
1
0
0
0
564
0
0
0
11
0
0
1
1701
1
0
1701
1701
0
0
1
0
0
0
1
2
1409
157
3
7
0
175
82
262
0
52
0
0
24
8
127
3
0
7
0
0
0
0
0
0
0
0
0
651
127
3
127
3
0
127
3
4
127
3
0
8
324
12
140
0
0
0
0
0
0
1382
0
22
0
0
0
0
154
0
0
0
0
0
0
0
0
0
0
0
29
0
0
0
0
0
0
0
0
607
0
28
0
476
0
0
0
0
0
1256
1
0
0
0
0
0
11
0
1
0
11
0
0
0
0
2
0
0
0
1
0
0
0
0
0
0
0
0
0
0
0
0
0
0
0
0
0
0
0
0
0
0
0
0
0
0
0
0
0
0
0
0
0
0
0
0
0
0
0
0
0
0
0
0
0
0
0
0
0
0
0
0
0
0
0
0
0
0
0
0
0
0
0
0
0
0
0
0
0
0
0
0
0
0
0
0
0
0
0
0
0
0
0
0
0
0
0
0
0
0
0
0
0
8
64
1
0
0
6
0
0
345
0
0
1
11
0
0
0
1
0
0
0
0
0
0
4
317
2
0
0
0
0
0
11
0
0
0
0
0
0
0
11
1
0
0
0
0
0
8
236
0
1822
1
0
0
0
326
18
11
0
46
0
1
0
18
0
0
0
11
0
0
0
0
46
0
919
3
0
0
2
11
2
0
2
30
0
2
80
0
112
2
1
2
2
2
2
0
0
2
0
2
2
0
270
1
11
0
2
2
2
3
0
1
0
20
553
0
0
0
0
0
0
0
31
0
0
0
0
1159
0
11
11
18
19
0
553
0
12
0
0
0
0
0
0
0
0
0
204
0
0
7
18
31
0
134
553
0
31
31
0
33
37
93
0
1
0
0
1
25
0
21
0
1
0
0
0
0
9
77
0
0
0
1727
0
0
0
3
10
17
0
11
297
18
0
7
2126
2126
0
1850
0
3
1965
0
0
3
0
0
1
0
0
0
0
0
0
0
0
0
0
0
7
0
0
0
0
0
0
11
19
0
0
0
0
0
0
0
0
0
9
0
0
0
0
0
0
0
0
0
0
0
1
0
1
1
7
0
0
0
0
0
0
306
172
11
0
2
0
1
9
8
0
0
0
0
0
0
1
0
0
1
22
92
12
0
0
0
0
0
0
0
18
0
0
1
0
0
2
0
0
0
0
0
1
0
0
350
0
0
0
0
1
201
0
0
0
9
9
1
0
0
11
0
1
53
0
0
0
0
0
0
0
0
11
140
0
286
736
2
0
0
0
0
24
2
0
11
0
0
0
0
0
0
0
0
0
12
0
0
0
0
0
0
0
62
0
11
0
2
0
0
270
56
0
0
0
0
0
0
0
0
0
0
0
0
0
0
0
0
0
0
0
0
0
0
0
0
0
0
0
0
56
0
0
0
0
0
56
0
0
0
0
56
56
10
0
56
56
0
0
56
0
56
0
0
0
56
0
0
0
0
0
0
0
0
55
0
55
343
0
0
0
0
0
0
0
0
327
0
0
0
0
0
1
0
0
1
0
43
0
0
0
308
0
0
0
0
0
0
0
1
0
1302
0
0
0
0
0
11
0
11
0
0
11
1
0
0
0
0
0
0
11
0
0
0
0
15
0
1
0
1
1
261
44
0
1
0
115
0
2
10
0
0
0
0
0
0
0
0
0
0
0
2099
0
0
0
0
0
0
0
0
0
0
0
0
1
0
0
0
0
0
0
0
1
0
0
0
0
1296
1
0
0
0
1
0
11
28
1
0
1
0
0
2
0
0
5
0
2
0
0
0
0
3
2
610
11
0
0
11
134
0
0
0
877
162
0
0
3
0
0
0
0
0
0
0
0
0
411
0
17
384
355
0
424
424
0
93
0
0
0
0
0
0
2
0
4
0
2
0
0
0
0
6
0
0
0
0
3
0
0
0
0
24
0
0
0
0
11
0
2
1349
7
0
0
0
0
0
0
0
0
2
468
0
1001
0
0
0
0
0
4
0
0
0
71
0
0
11
6
468
0
0
0
0
0
0
0
1
0
0
466
1
0
0
4
0
0
0
466
0
0
0
0
0
0
3
0
1317
0
284
0
0
0
0
0
0
0
0
0
0
0
3
0
0
8
0
0
0
3
1
0
0
0
23
0
0
1
3
0
0
0
0
0
0
0
6
0
0
11
11
0
0
0
0
0
4
0
0
0
0
0
5
0
0
11
2
2
0
0
0
0
5
0
0
0
0
8
5
1316
5
0
0
0
3
0
5
0
5
0
0
0
3
108
0
0
0
5
0
0
0
0
5
1054
0
0
0
0
0
0
0
7
7
0
0
0
0
0
0
0
0
0
0
0
0
0
0
85
0
0
0
0
0
0
0
0
0
0
0
0
0
0
0
0
0
0
0
0
0
0
0
14
0
0
0
14
0
0
0
0
0
0
0
0
0
0
0
0
1320
14
0
0
0
1579
0
0
0
345
1
0
0
156
0
138
0
0
0
0
0
126
0
0
0
0
0
0
0
0
0
0
0
0
0
445
19
157
0
8
0
84
0
50
0
0
0
0
4
7
6
0
0
0
11
0
0
170
0
0
6
0
7
0
0
6
30
0
2
0
0
0
0
29
0
0
9
0
11
7
0
0
1
113
0
1
0
0
88
314
0
0
0
0
0
0
0
1
1
1
0
4
4
4
0
2
0
0
0
1
1
1
1
1
1
4
0
0
0
0
0
0
1
0
4
1
0
1
0
0
0
0
256
1
0
67
1
0
1413
8
0
0
2
0
0
0
0
2236
829
2236
668
14
2236
0
0
2236
0
0
2236
0
2236
0
40
0
0
0
41
0
202
11
0
0
0
0
1
0
0
0
0
0
0
0
0
0
0
0
11
332
3
0
0
0
11
0
184
3
0
0
0
721
3
0
322
0
322
0
322
0
11
0
0
0
0
0
0
256
0
0
1
10
256
10
10
23
11
11
0
0
0
43
0
256
0
0
0
7
5
0
0
6
0
335
0
0
448
0
0
0
104
0
8
0
0
6
103
0
0
0
0
1424
0
0
0
0
0
0
7
0
11
0
11
0
11
0
11
0
11
0
11
11
0
1
0
23
0
0
90
29
0
0
0
0
0
0
2
2
2
1
154
1
1
1
0
5
1
1
14
0
2
284
0
3
3
1
1
0
526
0
0
0
0
0
0
0
1
0
0
0
0
0
0
0
0
0
0
0
0
0
0
523
523
0
0
0
1
4
0
0
0
374
0
0
109
406
0
0
0
0
0
0
1
1
0
0
2
0
902
0
0
0
0
1
2
0
1179
0
0
1
0
1
1
114
1445
0
4
114
6
6
102
918
2
0
0
3
10
0
0
596
0
2
4
0
11
0
15
0
3
0
17
1
23
4
148
114
0
4
240
197
0
1
0
0
11
197
3
170
0
0
0
115
157
0
0
0
0
0
34
0
0
0
0
11
0
37
162
0
181
35
1779
0
0
0
0
0
0
411
0
0
0
0
0
0
391
0
763
654
0
2
0
0
0
0
0
2
0
0
0
0
0
0
0
0
0
0
0
0
0
0
0
0
0
0
11
0
0
7
0
521
0
0
0
10
0
0
0
0
0
0
0
0
0
0
0
0
0
0
0
0
0
0
0
0
0
0
0
0
513
7
0
0
0
0
0
0
0
0
0
0
0
0
0
0
0
0
0
0
0
0
0
0
0
0
0
0
0
0
0
0
0
0
0
0
0
0
0
0
6
0
537
0
0
0
2
96
1
0
105
0
1
0
364
0
1
14
25
0
1
155
1
1
0
1
0
1
0
1
1
1
0
1
1
1
1
0
1
1
1
0
0
0
407
1
1158
71
20
0
0
0
1
0
0
1
0
0
1
0
0
0
0
0
0
0
0
0
0
0
20
10
0
0
20
20
0
0
20
407
0
0
20
20
0
20
20
0
0
0
0
20
20
20
0
1
1
8
1
1
1
1
1
1
1
1
1
1
8
1
1
1
1
1
0
1
1
1
1
1
1
1
1
1
1
1
1
1
1
1
0
1
1
1
1
1
0
1
1
74
1
1
1
1
1
1
1
11
1
1
1
0
1
1
0
0
20
39
70
248
70
248
3
0
0
70
248
1
0
0
0
14
0
171
1
2
4
0
0
0
30
105
4
0
0
0
0
4
311
0
176
9
14
0
844
1
0
7
5
59
59
23
5
179
5
0
9
0
1
1
0
0
0
0
0
0
0
340
0
0
0
998
23
0
0
58
0
1210
14
3
697
258
1680
0
0
189
0
0
283
0
0
21
0
0
0
975
0
93
2
0
93
93
93
159
0
0
0
10
0
0
1
969
675
223
0
0
0
0
0
463
114
50
460
43
0
0
0
188
0
0
16
460
102
0
732
232
0
0
0
0
0
4
43
0
0
0
61
0
0
4
4
4
4
0
350
0
0
2
0
0
0
0
0
0
3
0
0
0
680
0
0
0
0
680
0
93
0
0
732
2
0
675
0
3
0
0
0
1
0
0
2
1
0
0
0
0
0
2
862
2
2
0
2
147
1
2
0
0
1
1
84
0
0
0
0
2
4
2
11
0
11
0
7
2
1
1
0
0
1
0
1
1
1
1
1
0
0
1
11
1
0
1
1
11
11
0
11
11
1
0
1
1
79
79
0
1
1
0
1
0
1
0
1
0
0
0
0
1
0
0
0
1
0
0
874
10
1
0
0
444
0
149
0
1
1
0
0
0
0
3
1
0
0
8
0
0
248
0
6
0
6
6
6
6
6
6
6
0
6
36
0
0
0
69
0
0
0
0
1
0
0
0
0
0
0
0
11
11
11
11
11
11
0
11
0
0
0
2044
457
0
0
281
0
0
0
0
4
0
0
3
0
0
2
7
5
11
1489
0
62
0
268
0
0
0
0
0
0
62
0
0
0
0
0
268
0
5
0
0
0
0
0
1
0
49
0
1
0
0
0
0
108
0
0
1
1
1
0
0
0
0
0
0
0
0
0
0
0
4
0
0
0
2
161
0
0
0
1
0
0
0
0
0
0
0
157
0
0
0
0
0
2
0
0
1
0
0
0
0
0
0
0
0
0
0
0
0
24
20
0
0
60
0
0
0
0
0
0
0
0
0
0
0
0
0
0
60
0
0
0
23
1
96
0
57
0
0
1
0
11
0
3
0
0
0
0
108
0
0
0
0
0
0
0
1
277
2
2
0
1
2
2
0
618
0
113
2
128
0
0
0
11
0
143
2
0
0
0
0
0
0
2
0
438
0
0
221
0
0
2
0
0
2
33
511
2
108
0
2
0
0
0
0
1
260
0
3
0
0
2
2
0
0
8
0
0
0
0
0
0
0
0
0
0
0
0
0
0
0
0
0
0
0
0
0
0
0
78
0
0
0
0
0
0
0
0
0
0
0
0
0
0
1
24
64
0
3
8
0
2
0
378
11
0
0
0
11
0
245
1
0
0
562
77
0
94
284
562
1
1779
0
231
4
2
0
0
4
1
0
1
77
0
38
0
416
0
0
0
11
0
0
4
2
0
1
0
0
0
0
132
0
1
1
0
0
0
0
11
1
0
0
0
11
0
0
0
0
248
0
413
1
0
169
1
2
0
2
169
22
0
4
11
0
0
11
11
28
0
0
0
11
0
0
0
0
0
0
73
73
73
73
73
86
73
0
8
73
73
73
73
0
0
0
0
0
0
0
0
0
256
24
11
0
0
0
0
11
19
0
11
11
665
290
665
1371
0
31
0
0
0
1
0
19
0
0
0
11
0
5
0
0
0
11
0
1287
0
0
0
0
0
0
0
0
0
0
0
547
50
68
0
0
0
0
23
0
0
0
0
23
315
23
10
23
23
23
10
0
0
4
4
10
10
10
10
23
23
3
23
1
4
45
45
23
0
0
61
47
47
47
494
0
51
163
70
5
8
0
1
0
11
0
0
0
0
2
4
4
5
0
3
0
1452
0
0
12
593
32
312
32
0
3
0
0
55
7
0
504
0
11
0
0
0
0
0
0
0
0
0
0
1
0
0
228
7
0
0
0
6
0
0
0
0
0
0
1
0
0
0
327
0
6
0
0
0
0
0
0
0
0
0
0
0
0
0
0
0
0
0
0
0
1
0
0
0
0
0
0
6
0
0
0
0
0
0
0
0
0
2
0
0
36
0
0
0
0
0
0
0
0
0
0
0
0
0
0
0
0
0
0
0
0
0
0
0
0
15
0
0
11
0
9
0
258
10
0
0
0
0
154
0
215
215
0
0
215
215
11
0
90
0
0
0
0
0
0
0
0
0
0
0
0
364
0
0
0
2
0
0
0
0
0
2
104
11
0
0
0
0
1381
1381
0
0
1381
1381
1381
1381
0
0
1
0
0
0
0
0
1588
0
0
0
0
0
0
90
0
2
2
5
0
1
0
2
5
0
2
2
2
0
74
74
0
2
0
1
0
2
23
209
1
1
2
2
25
0
209
0
2
0
0
0
11
0
0
2
0
0
0
212
0
191
0
0
0
43
11
2
1
562
562
1
0
0
4
4
1
0
41
48
390
250
0
1
0
0
0
712
0
145
0
0
741
1
2142
2142
2142
1
0
0
0
1
1
1
1
1
0
0
1
0
1066
0
1
1
1
0
0
11
11
6
946
6
1
0
0
1
1
42
0
0
844
1
1008
1
1
8
0
0
329
0
0
2
0
0
32
0
2
0
0
0
0
0
49
0
0
1
1
0
0
0
354
0
0
0
0
0
0
0
0
0
0
0
0
0
0
0
0
0
0
0
1
0
0
0
38
0
0
1
0
11
0
0
1
0
0
1
2
0
115
0
0
0
0
0
0
0
0
0
0
0
0
7
8
0
0
0
0
607
3
0
0
0
0
0
0
0
0
0
0
0
0
0
0
90
0
1
0
0
0
0
0
0
0
0
0
0
90
0
0
5
0
22
0
0
0
20
0
0
0
5
0
0
0
5
0
0
12
0
15
0
0
0
0
0
0
0
0
0
0
9
0
0
291
0
0
0
271
0
0
0
0
292
0
0
0
0
0
0
291
2
111
7
0
0
0
0
157
0
0
0
0
0
0
0
0
0
0
0
0
0
0
0
0
0
0
0
0
0
11
11
0
0
0
1
0
11
0
0
0
0
0
11
0
11
0
11
11
0
11
2
59
389
0
0
0
0
0
0
5
0
0
0
0
0
0
0
0
0
0
0
0
68
0
332
0
0
0
0
0
0
332
16
0
0
0
0
3
16
0
332
0
0
1
0
0
11
11
11
11
11
11
11
11
11
11
11
11
11
11
11
3
11
11
11
11
11
11
11
11
0
1702
0
11
11
11
5
11
11
11
0
11
11
11
0
0
2159
11
0
1771
11
11
0
11
11
11
0
11
0
11
11
11
11
11
11
0
0
0
1540
49
0
0
0
11
0
0
0
252
0
235
252
0
254
0
348
0
349
0
0
0
0
0
235
0
11
0
11
0
0
0
0
0
0
2
7
0
0
0
0
0
0
0
0
318
0
0
19
0
0
0
1342
0
0
0
0
0
0
0
0
0
0
0
0
0
0
0
0
0
0
0
869
0
0
0
0
0
4
1513
10
0
1
0
0
1513
0
8
0
0
0
54
0
1513
0
8
0
0
11
0
1513
9
0
0
1513
0
0
98
0
1513
0
0
0
0
0
0
11
0
0
0
0
0
0
0
0
0
1
0
263
0
0
0
0
0
45
11
0
0
0
0
213
56
0
0
0
0
0
0
0
0
519
0
0
652
10
10
0
0
0
1
0
7
32
0
0
242
616
0
14
0
0
0
0
0
1352
7
0
10
0
0
0
3
0
0
341
0
0
1
0
0
1
0
1
0
0
0
0
1
1
1
0
0
285
1
0
0
0
1264
1
11
1264
0
1
0
0
0
0
1
0
0
1
1
1
0
0
0
0
0
1
0
0
0
0
0
1
0
0
1
11
1
1
1
1
11
1
0
1
0
1
0
0
0
0
3
0
0
0
9
0
0
0
0
0
0
0
0
0
5
0
0
2
0
0
0
1
7
18
0
0
18
2
18
4
0
0
18
296
3
4
0
0
18
18
2
3
3
2
0
0
3
5
181
7
0
4
4
4
0
0
0
0
0
0
0
0
0
0
0
0
0
10
0
0
0
0
0
0
0
0
0
0
0
0
9
9
0
0
0
0
0
8
0
0
0
0
10
9
0
0
11
0
9
9
19
0
0
9
0
9
0
0
9
0
0
0
8
0
0
0
0
0
0
11
0
0
0
11
0
0
0
0
11
11
11
58
0
0
0
0
0
534
101
0
1
0
0
0
0
0
42
0
0
2
0
0
0
0
330
0
233
11
21
0
1
0
11
0
183
655
37
0
0
179
183
8
1596
1
6
0
11
0
122
0
11
11
0
1
0
1
0
9
250
0
3
1
0
0
11
0
0
407
0
1
0
353
0
3
1
0
0
0
0
11
0
0
0
0
0
247
0
1
2
0
0
2
0
284
89
112
724
0
7
1
599
0
0
207
0
20
2
0
2
8
0
0
193
0
277
0
0
0
0
0
0
1
0
0
16
305
0
0
345
0
0
345
0
0
0
0
0
0
0
0
0
306
1
0
92
11
0
0
0
0
0
0
0
0
0
0
0
1
478
0
105
0
105
0
3
0
3
0
0
0
0
0
0
0
3
0
0
17
0
8
335
0
0
4
0
0
9
0
0
0
0
0
0
0
405
405
306
0
0
17
7
8
0
2
0
0
1051
1
0
2
2
0
1051
0
2
0
11
0
0
0
24
0
0
313
0
1
2
2
0
0
0
0
0
0
0
0
0
74
1051
1051
22
0
0
1
74
9
0
0
1567
1051
0
2
74
0
2
0
1051
0
0
1
0
8
8
0
0
0
0
0
0
0
0
0
0
0
0
0
2
0
0
0
0
0
0
0
0
0
4
0
4
1
1
0
0
0
0
0
0
0
0
0
0
0
4
0
1
11
0
15
0
1
0
0
387
3
63
11
0
0
0
0
0
11
0
0
0
11
11
0
11
0
0
11
63
0
11
11
0
0
63
0
0
0
0
3
0
0
0
0
0
11
6
0
0
0
0
0
0
1
0
0
1583
0
0
2020
0
11
11
11
3
0
0
0
0
0
0
0
1
0
326
0
34
4
2
2
0
0
0
9
828
0
0
0
0
0
56
0
2
249
0
0
9
1
7
0
1
11
0
735
0
13
0
1
0
0
0
0
0
1
1733
3
1330
0
0
10
1288
0
0
0
194
1
0
0
0
0
0
0
0
0
0
0
0
0
0
0
0
8
0
0
0
0
1
1
0
7
3
267
63
10
0
0
0
10
0
0
0
0
516
0
267
1588
0
0
0
0
0
0
0
149
0
0
0
0
585
0
0
452
284
252
291
0
0
149
267
0
0
11
0
3
79
0
0
79
79
79
79
0
79
79
0
0
0
0
0
0
79
79
79
1
0
79
79
79
79
0
12
79
79
79
1
79
79
0
0
79
0
79
0
0
79
79
79
79
586
586
79
586
0
79
1
0
1
11
79
79
79
79
79
0
79
0
0
79
79
79
0
11
0
11
0
79
0
79
79
79
79
79
0
870
11
11
8
45
0
0
0
0
8
0
0
0
15
0
0
0
0
0
0
23
0
319
2
0
0
0
10
0
1
0
11
0
0
0
0
0
2264
0
0
1728
11
2
12
11
0
0
687
0
0
0
6
0
414
0
0
0
0
0
0
0
1
106
1094
0
0
3
0
0
0
0
0
8
0
0
17
9
9
12
0
1
1
10
0
0
0
12
12
0
17
17
0
0
0
0
0
0
1589
0
14
0
14
14
17
219
0
0
0
0
0
0
2
0
0
0
0
0
9
14
0
0
0
23
15
0
289
0
0
14
83
14
0
0
685
0
0
0
0
11
0
0
0
4
0
0
0
0
0
289
0
0
0
0
0
0
0
1
0
0
0
0
1
0
0
0
0
0
0
0
0
0
0
0
0
0
0
4
0
0
0
11
0
0
0
0
1
0
115
280
54
0
0
0
0
0
0
212
0
1
0
0
0
0
0
11
114
0
0
0
0
0
0
0
0
0
0
5
3
0
0
1
615
0
2
0
0
8
8
121
0
0
212
0
0
0
0
0
0
11
13
0
0
0
0
0
0
0
0
8
0
0
0
0
0
0
1
9
0
463
11
99
0
99
0
841
99
0
27
11
0
0
11
10
10
10
10
10
10
10
10
10
10
10
10
10
10
10
10
10
10
10
10
10
10
10
10
10
10
10
10
10
10
10
10
10
10
10
10
10
10
10
10
10
10
10
10
10
10
10
10
10
10
10
10
10
10
10
10
10
10
10
10
10
10
10
10
10
10
10
10
10
10
10
0
0
0
0
9
0
0
0
0
0
0
0
0
54
3
0
0
0
0
0
0
1
0
1
0
0
0
0
0
0
0
0
0
0
0
0
0
0
0
0
0
0
0
2
0
3
0
0
0
16
1
0
0
0
1779
0
0
3
38
11
936
0
0
0
0
0
0
0
0
0
0
0
0
0
0
0
0
0
0
0
0
1
0
0
0
526
1779
0
0
0
0
11
0
0
0
0
0
0
0
0
0
0
2
0
0
0
0
0
0
0
0
0
0
0
0
0
0
2
0
0
0
0
0
0
0
0
0
0
0
0
0
0
591
0
0
0
0
0
0
0
0
11
353
0
0
0
0
0
0
0
0
0
0
0
170
0
0
0
2
0
2
0
0
0
0
0
1240
0
0
0
0
0
1
2
0
0
0
0
0
0
0
0
0
438
0
0
36
0
0
438
0
0
11
948
0
10
9
0
0
11
11
0
11
0
0
712
10
9
0
0
10
9
0
10
9
0
10
9
0
10
9
0
0
0
11
11
139
468
16
0
0
0
260
0
0
233
91
260
0
0
29
91
0
2
231
91
0
0
27
91
0
2
0
233
91
0
30
91
0
233
91
0
42
91
0
0
0
31
91
0
0
0
0
0
0
0
0
0
0
0
0
0
0
0
534
0
0
0
0
0
0
0
0
2
0
0
0
0
0
1
0
0
0
2
0
0
0
0
0
0
0
0
0
0
0
1802
0
0
11
0
1802
0
0
136
0
0
40
0
10
0
0
0
0
1
0
0
0
0
0
0
5
204
204
0
0
10
0
3
4
0
0
353
0
4
7
1515
0
353
0
0
7
0
0
5
7
0
0
7
7
7
3
7
7
0
7
0
0
7
7
0
0
0
0
5
0
0
7
0
1
0
0
0
0
331
777
0
0
0
1598
0
0
11
74
0
0
0
0
0
0
0
0
0
0
22
0
0
0
1
0
0
2
0
0
0
0
0
2
2
22
11
0
1
0
0
11
0
11
0
816
0
0
0
4
4
0
0
1
248
0
0
0
0
0
21
3
0
0
0
0
0
0
2
2
0
0
0
0
0
0
0
0
0
0
11
11
11
0
0
0
0
0
0
0
0
0
52
1
35
0
1
203
0
16
0
0
32
0
5
1
0
0
0
315
0
0
2
0
315
0
0
2
5
0
0
0
0
0
0
0
0
315
0
315
315
1
0
270
6
6
0
0
250
157
250
270
350
250
270
250
270
308
0
0
0
3
157
0
0
11
0
0
250
0
0
122
52
11
0
0
270
0
0
0
0
0
0
0
308
316
122
127
11
267
0
0
0
8
0
0
0
0
2
0
11
489
0
483
0
0
3
0
0
0
0
0
0
3
0
2142
2142
2142
0
0
0
0
0
0
0
0
0
0
41
0
0
0
2
0
2
0
6
0
0
0
2
0
0
0
0
0
0
0
0
0
0
0
0
9
0
39
0
0
0
2
2
0
0
0
0
0
2
0
2
53
2
2
2
2
0
0
0
2
2
2
2
2
4
0
2
2
0
0
2
0
0
0
0
3
2
0
4
0
11
0
2
2
0
0
2
17
0
0
0
2
2
0
2
0
0
2
0
0
2
2
1866
0
74
1
24
0
0
267
0
0
11
0
11
11
11
11
11
1078
11
0
318
142
544
17
0
247
212
0
0
12
0
0
11
11
0
0
276
0
0
0
0
0
0
0
0
12
2
0
0
1
0
0
2
0
0
0
0
0
0
0
1
30
0
0
0
11
0
0
0
1
30
0
0
0
0
0
0
0
0
0
0
24
0
1
0
0
0
0
0
2
0
112
0
0
0
0
0
0
0
0
0
2208
0
0
0
0
0
0
0
0
0
4
0
0
0
0
0
0
0
0
0
0
0
0
109
0
83
83
0
161
83
1772
83
83
0
0
711
0
0
0
1
6
0
83
0
298
83
83
83
83
83
83
83
83
83
83
83
83
83
83
83
83
83
11
83
68
1409
11
826
42
0
0
0
5
0
5
143
0
2
5
0
0
0
0
2
2
2
3
284
1
1
1
21
0
83
1
0
1
0
8
0
0
0
21
0
0
0
0
0
1
584
0
0
695
3
0
0
0
3
0
9
357
9
0
0
2
0
0
0
0
0
0
2
0
0
0
0
2
11
377
739
0
668
0
2
0
831
1
12
0
184
11
360
0
212
0
184
0
184
184
22
0
10
0
0
1
1
0
0
1
0
0
0
0
0
0
0
0
0
0
0
1
377
1
0
0
11
2
0
11
11
11
11
11
11
662
11
11
11
11
11
11
11
11
11
0
11
0
11
0
11
0
0
0
0
0
0
0
1060
0
0
92
0
0
0
0
0
0
0
0
0
0
0
0
0
0
0
0
0
0
0
61
0
0
0
12
1
0
0
0
0
0
0
0
0
0
2
0
0
1
1
0
0
5
0
0
0
0
0
0
0
0
0
0
0
0
730
0
270
0
17
0
0
0
290
0
0
81
0
0
81
0
0
11
732
0
0
0
0
152
11
1316
305
11
0
0
0
0
0
9
0
0
0
0
0
0
0
0
710
0
0
0
4
44
0
3
0
59
0
1
1
1
1
1
1
1
1
1
0
1
1
0
1
0
0
0
0
0
13
0
0
217
0
281
413
0
417
137
2
2
12
12
0
0
0
35
714
0
0
0
0
0
12
1
0
0
0
413
0
0
0
281
0
0
4
1
0
0
1
0
2
0
0
0
0
1
3
165
0
331
331
331
331
0
0
0
0
0
55
331
0
0
0
0
0
67
0
11
0
0
0
0
0
0
781
0
0
0
10
0
1
55
256
28
1
1
260
1
268
67
0
104
1
0
1
1
0
0
0
0
0
0
0
0
10
0
0
0
0
0
0
0
979
55
2
0
0
0
0
0
0
2
2
0
0
0
0
0
2
508
2
2
0
0
0
2
0
2
2
0
2
5
2
11
2
175
0
0
82
82
82
10
1
30
4
44
0
0
11
0
2
2
1
0
0
0
6
6
0
1
1
0
1
74
7
1
1
0
1
0
0
0
1
1
1
1
1
1
1
1
1
1
1
1
1
1
1
1
1
1
0
0
0
0
0
2
0
0
0
1326
0
0
3
0
0
0
0
0
0
0
268
0
498
0
2
0
0
0
0
0
0
0
0
0
0
11
0
0
0
0
0
1352
0
0
0
0
0
0
0
0
0
0
0
0
0
0
227
12
0
0
143
0
0
0
0
11
0
0
0
0
0
0
0
11
0
0
0
0
0
0
0
11
143
0
0
0
0
114
0
0
0
2
0
0
0
0
0
0
0
0
0
0
0
0
0
0
0
0
0
0
0
0
0
0
0
0
0
0
0
0
0
0
0
0
0
0
0
0
0
0
2
0
0
2
0
2
0
0
0
0
2
0
2
0
0
0
0
0
2
0
0
2
2
0
0
0
0
0
0
2
0
0
2
0
0
0
0
0
0
1
0
0
0
0
0
265
0
11
195
11
11
206
11
11
11
11
11
206
11
11
11
1
0
1
0
267
267
265
0
1
1
0
0
11
0
39
1
0
0
0
0
37
0
0
0
0
0
0
0
0
0
0
784
0
0
11
0
0
0
0
737
0
0
0
0
0
0
737
0
0
0
0
0
0
0
0
737
0
0
0
0
0
0
0
0
0
0
0
0
0
0
11
0
0
16
0
0
0
174
0
1
0
0
0
464
297
285
712
712
8
5
0
0
11
0
0
0
0
0
12
1
0
0
1
0
0
1
0
0
0
76
6
0
0
0
0
0
0
1
2
0
0
0
0
0
0
0
16
0
357
0
0
0
0
1
0
0
0
0
973
96
125
1
0
0
0
0
0
1
0
1
1
1
1
1
1
1
1
1
1
1
1
1
1
1
1
1
1
1
1
1
1
1
1
1
1
1
1
1
1
1
1
1
1
1
1
1
1
141
1
1
1
0
141
91
0
0
0
2
0
0
0
512
782
421
0
1
11
7
493
0
11
0
421
0
2
0
0
0
0
7
58
0
11
1169
0
20
0
0
11
11
0
11
11
11
11
11
455
0
0
0
0
0
0
0
0
0
11
11
11
0
4
0
11
11
11
0
0
0
11
0
0
455
0
11
0
11
11
11
0
0
0
11
11
11
3
0
0
11
0
11
11
11
1154
0
100
0
0
455
0
0
0
0
0
0
0
0
0
0
164
5
11
0
0
0
0
0
0
0
108
0
0
0
0
0
0
108
0
0
0
108
0
108
0
0
0
0
0
0
0
0
0
0
0
5
0
0
0
0
0
0
108
0
100
0
0
0
0
108
0
0
0
0
0
0
0
0
0
0
0
0
1136
1136
3
0
0
0
0
0
0
0
0
0
0
0
0
0
108
0
1377
0
0
0
0
0
0
0
23
0
0
0
0
0
1
0
0
16
7
7
1873
9
0
0
1
1
0
8
0
1075
1
7
1
1
1
0
7
11
5
0
0
0
0
0
0
0
0
8
1692
378
0
0
12
1
1
0
25
285
16
37
37
11
11
0
0
0
431
0
0
4
0
1080
0
0
0
0
0
5
316
0
0
0
0
0
20
18
0
0
0
0
0
75
0
0
0
0
14
0
1
0
0
7
717
0
0
0
82
0
1560
4
1
4
0
0
0
0
0
40
0
0
9
0
2
380
12
7
0
0
0
0
0
0
0
0
0
0
0
7
0
0
0
0
0
209
0
90
0
0
0
0
0
90
90
0
0
18
0
0
0
0
0
0
0
0
0
0
43
0
0
0
0
0
0
0
5
0
0
78
0
0
0
2
2
0
0
0
0
34
5
0
22
21
435
0
9
0
3573
2
3573
0
58
241
0
0
0
0
3573
248
0
0
0
248
0
0
0
0
0
962
962
0
0
0
0
1
0
0
0
248
0
0
0
0
0
0
0
0
0
0
0
0
0
0
0
0
0
0
0
0
0
248
248
0
0
0
0
0
0
0
0
3
0
0
0
0
0
0
0
0
61
3
1
0
0
0
1
1508
1
0
0
11
0
0
0
1
293
0
20
0
0
1
1469
0
1
16
0
0
0
0
7
0
7
169
0
0
0
0
0
1
335
335
335
335
335
335
335
335
335
335
335
0
335
335
335
335
335
335
64
0
2
0
0
0
0
0
11
0
0
0
0
0
0
0
0
0
0
0
0
1
0
22
0
0
46
4
0
0
0
0
0
0
0
46
1
0
0
58
0
58
58
58
0
378
0
0
1
0
1
0
1
0
0
1
0
1
0
0
0
1
0
0
0
0
2
0
0
0
0
0
0
0
0
0
0
0
0
0
0
0
0
0
0
0
0
0
66
69
72
74
67
0
2
0
72
74
1
0
3
72
69
0
0
74
72
72
30
72
67
0
72
60
0
67
67
67
67
67
67
1
67
67
74
0
0
0
0
74
69
0
24
60
33
44
0
60
0
2
0
60
0
0
0
0
0
0
0
0
2
60
71
60
0
60
60
60
1
0
14
3
0
60
60
0
0
60
0
0
1
60
60
60
0
24
60
60
44
0
13
0
13
0
0
0
14
60
60
2
0
60
0
0
0
0
0
0
0
0
0
0
60
0
60
0
0
0
0
0
435
0
0
0
1
0
0
0
564
73
0
0
3
6
6
0
0
80
0
